10000
0		1197
3168	"OTP	5
234	%	7
726	&	97
2316	'00	29
2317	'01	29
2318	'02	32
2319	'03	32
2320	'04	33
328	'05	38
329	'06	36
4498	'07	13
4499	'08	13
4500	'09	11
2068	'10	12
4501	'11	11
4502	'12	10
4503	'13	9
4504	'14	9
1981	'15	7
1982	'16	6
3155	'89	6
3156	'90	7
3157	'91	9
3158	'92	7
3159	'93	7
3160	'94	7
3161	'95	7
3162	'96	8
2321	'97	27
2322	'98	29
2323	'99	29
5607	(#	9
2074	(*)	5
2948	(0)	5
2949	(0-2)	12
4613	(0-6)	6
2950	(1)	20
5122	(12/3-16/17)	6
2951	(2)	17
4360	(2008)	7
2952	(3)	14
2953	(4)	9
2954	(5)	8
2955	(6)	5
5123	(84/5-87/8)	6
5124	(95/6-97/8)	6
1883	(Belgium)	17
4452	(FETB)	5
829	(FFY	6
2649	(Feb)	5
1632	(Fl.)	16
2389	(Fr.)	13
668	(Malik)	20
4395	(Norge)	9
2650	(Nov)	5
1884	(UK)	12
2946	(a)	19
2947	(b)	21
5353	(by	5
4156	(c)	10
5474	(long-term)	6
1923	(n	12
5475	(other)	6
5476	(short-term)	6
1631	(²)	18
2479	(³)	8
2075	(¹)	22
3537	+	21
311	-	132
610	-03	9
3405	-1	17
3406	-2	5
595	/	33
69	0	1098
2926	0-4	11
4616	0-50%	6
611	00	80
3392	00-01	9
2259	00/01	49
5339	000-	8
2207	0001	5
3456	0001-2092	5
2208	0003	6
2209	0004	5
2164	0005	7
2249	0006	8
2210	0008	6
2211	0009	6
3457	0009-7322	7
2212	0010	6
3458	0012-3692	7
2213	0013	5
2150	0014	9
2188	0024	9
2165	0028	7
3459	0028-3878	7
3460	0028-4793	7
2151	0029	9
2166	0030	8
2189	0032	9
2167	0033	5
3461	0033-8419	5
2214	0036	5
2152	0037	9
2190	0038	9
2191	0039	9
2192	0042	9
2215	0043	5
2216	0045	5
2217	0046	5
2153	0047	9
3462	0047-262X	6
2193	0048	9
2194	0049	9
2218	0051	6
2154	0052	9
2168	0053	7
2169	0055	5
2170	0056	5
2195	0057	9
2219	0058	6
2220	0059	5
2196	0060	9
2171	0061	7
2221	0062	6
2172	0064	7
2197	0066	7
2155	0067	9
2222	0068	6
2223	0069	6
2156	0073	9
2198	0075	9
2224	0076	5
2225	0078	6
2199	0079	9
2226	0084	5
2173	0086	7
2157	0089	9
2227	0090	5
3463	0090-3493	7
2200	0091	9
2174	0092	5
2228	0094	5
2158	0095	9
2229	0096	6
2201	0098	9
3464	0098-7484	7
1968	00:00	5
359	00:00:00.0	24
3556	00:01	6
3557	00:02	7
3558	00:03	6
3559	00:04	7
3560	00:05	6
3561	00:06	7
3562	00:07	6
3563	00:08	7
3564	00:09	6
3565	00:10	10
3566	00:11	6
3567	00:12	7
3568	00:13	6
3569	00:14	7
3570	00:15	6
3571	00:16	7
3572	00:17	6
3573	00:18	7
3574	00:19	6
3575	00:20	10
3576	00:21	6
3577	00:22	7
3578	00:23	6
3579	00:24	7
3580	00:25	6
3581	00:26	7
3582	00:27	6
3583	00:28	7
3584	00:29	6
3585	00:30	11
3586	00:31	6
3587	00:32	7
3588	00:33	6
3589	00:34	7
3590	00:35	6
3591	00:36	7
3592	00:37	6
3593	00:38	7
3594	00:39	6
3595	00:40	10
3596	00:41	6
3597	00:42	7
3598	00:43	6
3599	00:44	7
3600	00:45	6
3601	00:46	7
3602	00:47	6
3603	00:48	7
3604	00:49	6
3605	00:50	10
3606	00:51	6
3607	00:52	7
3608	00:53	6
3609	00:54	7
3610	00:55	6
3611	00:56	7
3612	00:57	6
3613	00:58	7
3614	00:59	6
612	01	100
3393	01-02	10
2807	01/01/10	6
2260	01/02	49
4570	01/57	5
4571	01/58	5
4572	01/59	5
2250	0100	5
2230	0101	5
2231	0103	6
2175	0104	7
2202	0105	7
2159	0108	9
2160	0109	9
2203	0110	9
2232	0113	6
2161	0117	9
2233	0118	6
2234	0119	6
2204	0120	8
2176	0121	5
2235	0122	6
2205	0123	9
2162	0124	9
2163	0125	9
2206	0126	9
2177	0127	7
2178	0131	7
3465	0140-6736	7
1969	01:00	12
360	01:00:00.0	24
3615	01:01	6
3616	01:02	7
3617	01:03	6
3618	01:04	7
3619	01:05	6
3620	01:06	7
3621	01:07	6
3622	01:08	7
3623	01:09	6
3624	01:10	10
3625	01:11	6
3626	01:12	7
3627	01:13	6
3628	01:14	7
3629	01:15	6
3630	01:16	7
3631	01:17	6
3632	01:18	7
3633	01:19	6
3634	01:20	10
3635	01:21	6
3636	01:22	7
3637	01:23	6
3638	01:24	7
3639	01:25	6
3640	01:26	7
3641	01:27	6
3642	01:28	7
3643	01:29	6
3644	01:30	11
3645	01:31	6
3646	01:32	7
3647	01:33	6
3648	01:34	7
3649	01:35	6
3650	01:36	7
3651	01:37	6
3652	01:38	7
3653	01:39	6
3654	01:40	10
3655	01:41	6
3656	01:42	7
3657	01:43	6
3658	01:44	7
3659	01:45	6
3660	01:46	7
3661	01:47	6
3662	01:48	7
3663	01:49	6
3664	01:50	10
3665	01:51	6
3666	01:52	7
3667	01:53	6
3668	01:54	7
3669	01:55	6
3670	01:56	7
3671	01:57	6
3672	01:58	7
3673	01:59	6
3375	01:Q1	10
3376	01:Q2	10
3377	01:Q3	10
3378	01:Q4	10
613	02	99
2528	02-03	11
2261	02/03	52
5335	02/04/03	5
5336	02/05/03	5
4573	02/57	5
4574	02/58	5
4575	02/59	5
2236	0252	6
2237	0280	6
1970	02:00	12
361	02:00:00.0	24
3674	02:01	6
3675	02:02	7
3676	02:03	6
3677	02:04	7
3678	02:05	6
3679	02:06	7
3680	02:07	6
3681	02:08	7
3682	02:09	6
3683	02:10	10
3684	02:11	6
3685	02:12	7
3686	02:13	6
3687	02:14	7
3688	02:15	6
3689	02:16	7
3690	02:17	6
3691	02:18	7
3692	02:19	6
3693	02:20	10
3694	02:21	6
3695	02:22	6
3696	02:23	6
3697	02:24	7
3698	02:25	6
3699	02:26	7
3700	02:27	6
3701	02:28	7
3702	02:29	6
3703	02:30	11
3704	02:31	6
3705	02:32	7
3706	02:33	6
3707	02:34	7
3708	02:35	6
3709	02:36	7
3710	02:37	6
3711	02:38	7
3712	02:39	6
3713	02:40	10
3714	02:41	6
3715	02:42	7
3716	02:43	6
3717	02:44	7
3718	02:45	6
3719	02:46	7
3720	02:47	6
3721	02:48	7
3722	02:49	6
3723	02:50	10
3724	02:51	6
3725	02:52	7
3726	02:53	6
3727	02:54	7
3728	02:55	6
3729	02:56	7
3730	02:57	6
3731	02:58	7
3732	02:59	6
3379	02:Q1	12
3380	02:Q2	12
3381	02:Q3	12
3382	02:Q4	12
614	03	96
2529	03-04	12
2262	03/04	54
4576	03/57	5
4577	03/58	5
4578	03/59	5
2238	0306	6
2239	0326	6
2240	0330	7
2241	0366	6
2242	0385	6
1971	03:00	13
362	03:00:00.0	24
3733	03:01	7
3734	03:02	8
3735	03:03	7
3736	03:04	8
3737	03:05	7
3738	03:06	8
3739	03:07	7
3740	03:08	8
3741	03:09	7
3742	03:10	11
3743	03:11	7
3744	03:12	8
3745	03:13	7
3746	03:14	8
3747	03:15	7
3748	03:16	8
3749	03:17	7
3750	03:18	8
3751	03:19	7
3752	03:20	11
3753	03:21	7
3754	03:22	8
3755	03:23	7
3756	03:24	8
3757	03:25	7
3758	03:26	8
3759	03:27	7
3760	03:28	8
3761	03:29	7
3762	03:30	12
3763	03:31	7
3764	03:32	8
3765	03:33	7
3766	03:34	8
3767	03:35	7
3768	03:36	8
3769	03:37	7
3770	03:38	8
3771	03:39	7
3772	03:40	11
3773	03:41	7
3774	03:42	8
3775	03:43	7
3776	03:44	8
3777	03:45	7
3778	03:46	8
3779	03:47	7
3780	03:48	8
3781	03:49	7
3782	03:50	11
3783	03:51	7
3784	03:52	8
3785	03:53	7
3786	03:54	8
3787	03:55	7
3788	03:56	8
3789	03:57	7
3790	03:58	8
3791	03:59	7
3383	03:Q1	12
3384	03:Q2	12
3385	03:Q3	12
3386	03:Q4	12
615	04	99
465	04-05	20
2263	04/05	21
389	04/24/10	5
390	04/25/10	5
4579	04/57	5
4580	04/58	5
4581	04/59	5
1972	04:00	12
363	04:00:00.0	24
3792	04:01	6
3793	04:02	7
3794	04:03	6
3795	04:04	7
3796	04:05	6
3797	04:06	7
3798	04:07	6
3799	04:08	7
3800	04:09	6
3801	04:10	10
3802	04:11	6
3803	04:12	7
3804	04:13	6
3805	04:14	7
3806	04:15	6
3807	04:16	7
3808	04:17	6
3809	04:18	7
3810	04:19	6
3811	04:20	10
3812	04:21	6
3813	04:22	7
3814	04:23	6
3815	04:24	7
3816	04:25	6
3817	04:26	7
3818	04:27	6
3819	04:28	7
3820	04:29	6
3821	04:30	11
3822	04:31	6
3823	04:32	7
3824	04:33	6
3825	04:34	7
3826	04:35	6
3827	04:36	7
3828	04:37	6
3829	04:38	7
3830	04:39	6
3831	04:40	10
3832	04:41	6
3833	04:42	7
3834	04:43	6
3835	04:44	7
3836	04:45	6
3837	04:46	7
3838	04:47	6
3839	04:48	7
3840	04:49	6
3841	04:50	10
3842	04:51	6
3843	04:52	7
3844	04:53	6
3845	04:54	7
3846	04:55	6
3847	04:56	7
3848	04:57	6
3849	04:58	7
3850	04:59	6
3387	04:Q1	12
3388	04:Q2	12
3389	04:Q3	12
3390	04:Q4	12
616	05	106
466	05-06	29
391	05/01/10	5
392	05/02/10	5
2264	05/06	26
364	05/08/10	5
365	05/09/10	5
366	05/15/10	5
367	05/22/10	5
368	05/23/10	5
369	05/29/10	5
4582	05/57	5
4583	05/58	5
4584	05/59	5
933	05:00	13
370	05:00:00.0	24
934	05:01	7
935	05:02	8
936	05:03	7
937	05:04	8
938	05:05	7
939	05:06	9
940	05:07	7
941	05:08	9
942	05:09	7
943	05:10	11
944	05:11	7
945	05:12	8
946	05:13	7
947	05:14	8
948	05:15	7
949	05:16	9
950	05:17	7
951	05:18	8
952	05:19	7
953	05:20	11
954	05:21	7
955	05:22	8
956	05:23	7
957	05:24	9
958	05:25	7
959	05:26	8
960	05:27	7
961	05:28	8
962	05:29	7
963	05:30	12
964	05:31	7
965	05:32	8
966	05:33	7
967	05:34	8
968	05:35	7
969	05:36	8
970	05:37	7
971	05:38	8
972	05:39	7
973	05:40	11
974	05:41	7
975	05:42	8
976	05:43	7
977	05:44	8
978	05:45	7
979	05:46	9
980	05:47	7
981	05:48	8
982	05:49	7
983	05:50	11
984	05:51	7
985	05:52	8
986	05:53	7
987	05:54	8
988	05:55	7
989	05:56	8
990	05:57	7
991	05:58	8
992	05:59	7
3391	05:Q1	12
5434	05:Q2	8
5435	05:Q3	6
5436	05:Q4	6
617	06	92
467	06-07	34
393	06/05/10	5
394	06/06/10	5
2265	06/07	27
395	06/12/10	5
4585	06/57	5
4586	06/58	5
4587	06/59	5
2244	0607	8
2245	0612	8
2179	0615	8
2180	0617	8
2181	0618	8
2246	0620	8
2247	0621	8
2248	0622	8
2182	0624	8
2183	0633	8
2184	0638	8
2185	0639	8
2186	0640	8
993	06:00	14
371	06:00:00.0	24
994	06:01	7
995	06:02	9
996	06:03	7
997	06:04	9
998	06:05	7
999	06:06	9
1000	06:07	7
1001	06:08	9
1002	06:09	7
1003	06:10	12
1004	06:11	7
1005	06:12	9
1006	06:13	7
1007	06:14	9
1008	06:15	7
1009	06:16	9
1010	06:17	7
1011	06:18	8
1012	06:19	7
1013	06:20	12
1014	06:21	7
1015	06:22	9
1016	06:23	7
1017	06:24	9
1018	06:25	7
1019	06:26	9
1020	06:27	7
1021	06:28	9
1022	06:29	7
1023	06:30	13
1024	06:31	7
1025	06:32	9
1026	06:33	7
1027	06:34	9
1028	06:35	7
1029	06:36	9
1030	06:37	7
1031	06:38	9
1032	06:39	7
1033	06:40	12
1034	06:41	7
1035	06:42	9
1036	06:43	7
1037	06:44	9
1038	06:45	7
1039	06:46	9
1040	06:47	7
1041	06:48	8
1042	06:49	7
1043	06:50	12
1044	06:51	7
1045	06:52	9
1046	06:53	7
1047	06:54	9
1048	06:55	7
1049	06:56	9
1050	06:57	7
1051	06:58	9
1052	06:59	7
5437	06:Q1	6
5438	06:Q2	6
5439	06:Q3	6
5440	06:Q4	6
618	07	94
468	07-08	36
348	07/08	29
4588	07/57	5
4589	07/58	5
4590	07/59	5
3466	0732-183X	7
3467	0735-1097	7
3468	0742-9800	6
1053	07:00	15
372	07:00:00.0	24
1054	07:01	7
1055	07:02	8
1056	07:03	7
1057	07:04	8
1058	07:05	7
1059	07:06	8
1060	07:07	7
1061	07:08	8
1062	07:09	7
1063	07:10	11
1064	07:11	7
1065	07:12	8
1066	07:13	7
1067	07:14	7
1068	07:15	9
1069	07:16	8
1070	07:17	7
1071	07:18	8
1072	07:19	7
1073	07:20	11
1074	07:21	7
1075	07:22	8
1076	07:23	7
1077	07:24	8
1078	07:25	7
1079	07:26	8
1080	07:27	7
1081	07:28	8
1082	07:29	7
1083	07:30	14
1084	07:31	7
1085	07:32	8
1086	07:33	7
1087	07:34	8
1088	07:35	7
1089	07:36	8
1090	07:37	7
1091	07:38	8
1092	07:39	7
1093	07:40	11
1094	07:41	7
1095	07:42	8
1096	07:43	7
1097	07:44	8
1098	07:45	9
1099	07:46	8
1100	07:47	7
1101	07:48	8
1102	07:49	7
1103	07:50	11
1104	07:51	7
1105	07:52	8
1106	07:53	8
1107	07:54	9
1108	07:55	8
1109	07:56	9
1110	07:57	8
1111	07:58	9
1112	07:59	8
619	08	123
469	08-09	36
349	08/09	29
4591	08/57	5
4592	08/58	5
4593	08/59	5
2187	0808	8
1113	08:00	14
373	08:00:00.0	24
1114	08:01	6
1115	08:02	7
1116	08:03	6
1117	08:04	7
1118	08:05	6
1119	08:06	7
1120	08:07	6
1121	08:08	7
1122	08:09	6
1123	08:10	10
1124	08:11	6
1125	08:12	7
1126	08:13	6
1127	08:14	7
1128	08:15	8
1129	08:16	7
1130	08:17	6
1131	08:18	7
1132	08:19	6
1133	08:20	10
1134	08:21	6
1135	08:22	7
1136	08:23	6
1137	08:24	7
1138	08:25	6
1139	08:26	7
1140	08:27	6
1141	08:28	7
1142	08:29	6
1143	08:30	13
1144	08:31	6
1145	08:32	7
1146	08:33	6
1147	08:34	7
1148	08:35	6
1149	08:36	7
1150	08:37	6
1151	08:38	7
1152	08:39	6
1153	08:40	10
1154	08:41	6
1155	08:42	7
1156	08:43	6
1157	08:44	7
1158	08:45	8
1159	08:46	7
1160	08:47	6
1161	08:48	7
1162	08:49	6
1163	08:50	10
1164	08:51	6
1165	08:52	7
1166	08:53	6
1167	08:54	7
1168	08:55	6
1169	08:56	7
1170	08:57	6
1171	08:58	7
1172	08:59	6
620	09	133
470	09-10	34
350	09/10	40
4594	09/57	5
4595	09/58	5
4596	09/59	5
3498	0941-4355	6
1173	09:00	15
374	09:00:00.0	24
1174	09:01	7
1175	09:02	8
1176	09:03	7
1177	09:04	8
1178	09:05	7
1179	09:06	8
1180	09:07	7
1181	09:08	8
1182	09:09	7
1183	09:10	11
1184	09:11	7
1185	09:12	8
1186	09:13	7
1187	09:14	8
1188	09:15	9
1189	09:16	8
1190	09:17	7
1191	09:18	8
1192	09:19	7
1193	09:20	11
1194	09:21	7
1195	09:22	8
1196	09:23	7
1197	09:24	8
1198	09:25	7
1199	09:26	8
1200	09:27	7
1201	09:28	7
1202	09:29	7
1203	09:30	14
1204	09:31	7
1205	09:32	8
1206	09:33	7
1207	09:34	8
1208	09:35	7
1209	09:36	8
1210	09:37	7
1211	09:38	8
1212	09:39	7
1213	09:40	11
1214	09:41	7
1215	09:42	8
1216	09:43	7
1217	09:44	8
1218	09:45	9
1219	09:46	8
1220	09:47	7
1221	09:48	8
1222	09:49	7
1223	09:50	11
1224	09:51	7
1225	09:52	8
1226	09:53	7
1227	09:54	8
1228	09:55	7
1229	09:56	8
1230	09:57	7
1231	09:58	8
1232	09:59	7
50	1	1286
1720	1-2	16
4297	1-3	5
5076	1-4	11
1897	1-5	7
2611	1.	5
4441	1.0	7
5000	1.5	5
4633	1.Quintil	7
444	1.kl.	6
4823	1.kv.	8
2384	1/09	7
5639	1/10	5
5026	1/11	9
5027	1/12	7
5028	1/13	5
2808	1/2/10	6
316	10	557
5032	10+	11
471	10-11	32
5380	10-12	5
1898	10-14	18
445	10.kl.	6
4428	10/1/11	11
4429	10/1/12	18
4430	10/1/13	26
4434	10/1/14	20
4436	10/1/15	15
351	10/11	55
4597	10/57	5
4598	10/58	5
4599	10/59	5
1636	100	32
4617	100%	6
1637	101	22
1638	102	15
1639	103	20
1640	104	15
1641	105	20
1642	106	15
1643	107	15
1644	108	15
1645	109	16
1233	10:00	18
375	10:00:00.0	24
1234	10:01	8
1235	10:02	9
1236	10:03	8
1237	10:04	9
1238	10:05	8
1239	10:06	9
1240	10:07	8
1241	10:08	9
1242	10:09	8
1243	10:10	12
1244	10:11	8
1245	10:12	9
1246	10:13	8
1247	10:14	9
1248	10:15	10
1249	10:16	9
1250	10:17	8
1251	10:18	9
1252	10:19	8
1253	10:20	12
1254	10:21	8
1255	10:22	9
1256	10:23	8
1257	10:24	9
1258	10:25	8
1259	10:26	9
1260	10:27	8
1261	10:28	9
1262	10:29	8
1263	10:30	16
1264	10:31	8
1265	10:32	9
1266	10:33	8
1267	10:34	9
1268	10:35	8
1269	10:36	9
1270	10:37	8
1271	10:38	9
1272	10:39	8
1273	10:40	12
1274	10:41	8
1275	10:42	9
1276	10:43	8
1277	10:44	9
1278	10:45	10
1279	10:46	9
1280	10:47	8
1281	10:48	9
1282	10:49	8
1283	10:50	12
1284	10:51	8
1285	10:52	9
1286	10:53	8
1287	10:54	9
1288	10:55	8
1289	10:56	9
1290	10:57	8
1291	10:58	9
1292	10:59	8
138	10A	5
4556	10E	5
4704	10Y	12
2841	10m	5
3400	10th	9
430	11	415
472	11-12	32
446	11.kl.	6
352	11/12	55
4600	11/57	5
4601	11/58	5
4602	11/59	5
1646	110	15
1647	111	15
1648	112	15
1649	113	15
1650	114	16
1651	115	16
1652	116	15
1653	117	16
1654	118	15
1655	119	15
1293	11:00	16
376	11:00:00.0	24
1294	11:01	6
1295	11:02	7
1296	11:03	6
1297	11:04	7
1298	11:05	6
1299	11:06	7
1300	11:07	6
1301	11:08	7
1302	11:09	6
1303	11:10	10
1304	11:11	6
1305	11:12	7
1306	11:13	6
1307	11:14	7
1308	11:15	8
1309	11:16	7
1310	11:17	6
1311	11:18	7
1312	11:19	6
1313	11:20	10
1314	11:21	6
1315	11:22	7
1316	11:23	6
1317	11:24	7
1318	11:25	6
1319	11:26	7
1320	11:27	6
1321	11:28	7
1322	11:29	6
1323	11:30	14
1324	11:31	6
1325	11:32	7
1326	11:33	6
1327	11:34	6
1328	11:35	6
1329	11:36	7
1330	11:37	6
1331	11:38	7
1332	11:39	6
1333	11:40	10
1334	11:41	6
1335	11:42	7
1336	11:43	6
1337	11:44	7
1338	11:45	8
1339	11:46	7
1340	11:47	6
1341	11:48	7
1342	11:49	6
1343	11:50	10
1344	11:51	6
1345	11:52	7
1346	11:53	6
1347	11:54	7
1348	11:55	6
1349	11:56	7
1350	11:57	6
1351	11:58	7
1352	11:59	7
139	11A	5
140	11C	5
2347	11th	10
344	12	406
4216	12,	8
473	12-13	30
447	12.kl.	6
353	12/13	73
4603	12/57	5
4604	12/58	5
4605	12/59	5
345	120	8
2423	121	5
2424	123	10
2425	125	8
2426	127	5
1353	12:00	20
377	12:00:00.0	24
1354	12:01	8
1355	12:02	8
1356	12:03	8
1357	12:04	9
1358	12:05	8
1359	12:06	9
1360	12:07	8
1361	12:08	9
1362	12:09	8
1363	12:10	12
1364	12:11	8
1365	12:12	9
1366	12:13	8
1367	12:14	9
1368	12:15	10
1369	12:16	9
1370	12:17	8
1371	12:18	9
1372	12:19	8
1373	12:20	12
1374	12:21	8
1375	12:22	8
1376	12:23	8
1377	12:24	9
1378	12:25	8
1379	12:26	9
1380	12:27	8
1381	12:28	8
1382	12:29	8
1383	12:30	16
1384	12:31	8
1385	12:32	9
1386	12:33	8
1387	12:34	9
1388	12:35	8
1389	12:36	9
1390	12:37	8
1391	12:38	9
1392	12:39	8
1393	12:40	12
1394	12:41	8
1395	12:42	9
1396	12:43	8
1397	12:44	9
1398	12:45	10
1399	12:46	9
1400	12:47	8
1401	12:48	9
1402	12:49	8
1403	12:50	12
1404	12:51	8
1405	12:52	9
1406	12:53	8
1407	12:54	9
1408	12:55	8
1409	12:56	9
1410	12:57	8
1411	12:58	9
1412	12:59	8
141	12A	5
4773	12Y	5
2348	12th	8
28	13	303
4217	13,	10
474	13-14	25
5077	13-16	11
354	13/14	71
2427	130	5
2428	135	6
3469	1361-6137	7
2429	138	5
1413	13:00	17
378	13:00:00.0	24
1414	13:01	9
1415	13:02	10
1416	13:03	9
1417	13:04	10
1418	13:05	9
1419	13:06	9
1420	13:07	9
1421	13:08	10
1422	13:09	9
1423	13:10	13
1424	13:11	9
1425	13:12	10
1426	13:13	9
1427	13:14	10
1428	13:15	11
1429	13:16	10
1430	13:17	9
1431	13:18	10
1432	13:19	9
1433	13:20	13
1434	13:21	9
1435	13:22	10
1436	13:23	9
1437	13:24	10
1438	13:25	9
1439	13:26	10
1440	13:27	9
1441	13:28	10
1442	13:29	9
1443	13:30	16
1444	13:31	9
1445	13:32	10
1446	13:33	9
1447	13:34	10
1448	13:35	9
1449	13:36	10
1450	13:37	9
1451	13:38	10
1452	13:39	9
1453	13:40	13
1454	13:41	9
1455	13:42	10
1456	13:43	9
1457	13:44	10
1458	13:45	11
1459	13:46	10
1460	13:47	9
1461	13:48	10
1462	13:49	9
1463	13:50	13
1464	13:51	9
1465	13:52	10
1466	13:53	9
1467	13:54	10
1468	13:55	9
1469	13:56	10
1470	13:57	9
1471	13:58	10
1472	13:59	9
5864	13\42	5
2349	13th	9
29	14	265
4218	14,	9
157	14-15	19
434	14-Jun	5
2016	14/15	51
2430	140	6
2431	145	5
2432	149	6
1473	14:00	16
379	14:00:00.0	24
1474	14:01	8
1475	14:02	9
1476	14:03	8
1477	14:04	9
1478	14:05	8
1479	14:06	9
1480	14:07	8
1481	14:08	9
1482	14:09	8
1483	14:10	12
1484	14:11	8
1485	14:12	9
1486	14:13	8
1487	14:14	9
1488	14:15	10
1489	14:16	9
1490	14:17	8
1491	14:18	9
1492	14:19	8
1493	14:20	12
1494	14:21	8
1495	14:22	9
1496	14:23	8
1497	14:24	9
1498	14:25	8
1499	14:26	9
1500	14:27	8
1501	14:28	9
1502	14:29	8
1503	14:30	15
1504	14:31	8
1505	14:32	9
1506	14:33	8
1507	14:34	9
1508	14:35	8
1509	14:36	9
1510	14:37	8
1511	14:38	9
1512	14:39	8
1513	14:40	12
1514	14:41	8
1515	14:42	9
1516	14:43	8
1517	14:44	9
1518	14:45	10
1519	14:46	9
1520	14:47	8
1521	14:48	9
1522	14:49	8
1523	14:50	12
1524	14:51	8
1525	14:52	9
1526	14:53	8
1527	14:54	9
1528	14:55	8
1529	14:56	9
1530	14:57	8
1531	14:58	9
1532	14:59	8
2350	14th	7
312	15	293
4219	15,	8
158	15-16	13
1899	15-19	22
435	15-Jun	5
2017	15/16	30
2433	150	10
2434	151	5
2435	152	9
2436	153	6
2437	155	5
1533	15:00	15
380	15:00:00.0	24
1534	15:01	8
1535	15:02	8
1536	15:03	8
1537	15:04	8
1538	15:05	8
1539	15:06	8
1540	15:07	8
1541	15:08	8
1542	15:09	8
1543	15:10	11
1544	15:11	8
1545	15:12	8
1546	15:13	8
1547	15:14	8
1548	15:15	10
1549	15:16	8
1550	15:17	8
1551	15:18	8
1552	15:19	8
1553	15:20	11
1554	15:21	8
1555	15:22	8
1556	15:23	8
1557	15:24	8
1558	15:25	8
1559	15:26	8
1560	15:27	8
1561	15:28	8
1562	15:29	8
1563	15:30	14
1564	15:31	8
1565	15:32	8
1566	15:33	8
1567	15:34	8
1568	15:35	8
1569	15:36	8
1570	15:37	8
1571	15:38	8
1572	15:39	8
1573	15:40	11
1574	15:41	8
1575	15:42	8
1576	15:43	8
1577	15:44	8
1578	15:45	10
1579	15:46	8
1580	15:47	8
1581	15:48	8
1582	15:49	8
1583	15:50	11
1584	15:51	8
1585	15:52	8
1586	15:53	8
1587	15:54	8
1588	15:55	8
1589	15:56	8
1590	15:57	8
1591	15:58	8
1592	15:59	8
4774	15Y	5
2351	15th	7
313	16	234
159	16-17	8
2061	16-19	12
2018	16/17	24
2438	160	5
1973	16:00	14
381	16:00:00.0	24
4839	16:01	7
4840	16:02	7
4841	16:03	7
4842	16:04	7
4843	16:05	7
4844	16:06	7
4845	16:07	7
4846	16:08	7
4847	16:09	7
4848	16:10	10
4849	16:11	7
4850	16:12	7
4851	16:13	7
4852	16:14	7
2078	16:15	9
4853	16:16	7
4854	16:17	7
4855	16:18	7
4856	16:19	7
4857	16:20	10
4858	16:21	7
4859	16:22	7
4860	16:23	7
4861	16:24	7
4862	16:25	7
4863	16:26	7
4864	16:27	7
4865	16:28	7
4866	16:29	7
2079	16:30	13
4867	16:31	7
4868	16:32	7
4869	16:33	7
4870	16:34	7
4871	16:35	7
4872	16:36	7
4873	16:37	7
4874	16:38	7
4875	16:39	7
4876	16:40	10
4877	16:41	7
4878	16:42	7
4879	16:43	7
4880	16:44	7
2080	16:45	9
4881	16:46	7
4882	16:47	7
4883	16:48	7
4884	16:49	7
4885	16:50	10
4886	16:51	7
4887	16:52	7
4888	16:53	7
4889	16:54	7
4890	16:55	7
4891	16:56	7
4892	16:57	7
4893	16:58	7
4894	16:59	7
314	17	201
4220	17,	5
5078	17-20	11
1900	17-21	6
2970	17/18	10
1974	17:00	14
382	17:00:00.0	24
4895	17:01	7
4896	17:02	7
4897	17:03	7
4898	17:04	7
4899	17:05	7
4900	17:06	7
4901	17:07	7
4902	17:08	7
4903	17:09	7
4904	17:10	10
4905	17:11	7
4906	17:12	7
4907	17:13	7
4908	17:14	7
2081	17:15	9
4909	17:16	7
4910	17:17	7
4911	17:18	7
4912	17:19	7
4913	17:20	10
4914	17:21	7
4915	17:22	7
4916	17:23	7
4917	17:24	7
4918	17:25	7
4919	17:26	7
4920	17:27	7
4921	17:28	7
4922	17:29	7
2082	17:30	13
4923	17:31	7
4924	17:32	7
4925	17:33	7
4926	17:34	7
4927	17:35	7
4928	17:36	7
4929	17:37	7
4930	17:38	7
4931	17:39	7
4932	17:40	10
4933	17:41	7
4934	17:42	7
4935	17:43	7
4936	17:44	7
2083	17:45	9
4937	17:46	7
4938	17:47	7
4939	17:48	7
4940	17:49	7
4941	17:50	10
4942	17:51	7
4943	17:52	7
4944	17:53	7
4945	17:54	7
4946	17:55	7
4947	17:56	7
4948	17:57	7
4949	17:58	7
4950	17:59	7
5865	17\39	5
315	18	181
2971	18/19	10
1975	18:00	14
383	18:00:00.0	24
4951	18:01	7
4952	18:02	7
4953	18:03	7
4954	18:04	7
4955	18:05	7
4956	18:06	7
4957	18:07	7
4958	18:08	7
4959	18:09	7
4960	18:10	10
4961	18:11	7
4962	18:12	7
4963	18:13	7
4964	18:14	7
2084	18:15	9
4965	18:16	7
4966	18:17	7
4967	18:18	7
4968	18:19	7
4969	18:20	10
4970	18:21	7
4971	18:22	7
4972	18:23	7
4973	18:24	7
4974	18:25	7
4975	18:26	7
4976	18:27	7
4977	18:28	7
4978	18:29	7
2085	18:30	13
4979	18:31	7
4980	18:32	7
4981	18:33	7
4982	18:34	7
4983	18:35	7
4984	18:36	7
4985	18:37	7
4986	18:38	7
4987	18:39	7
4988	18:40	10
4989	18:41	7
4990	18:42	7
4991	18:43	7
4992	18:44	7
2086	18:45	9
4993	18:46	7
4994	18:47	7
4995	18:48	7
4996	18:49	7
4997	18:50	10
3851	18:51	8
3852	18:52	8
3853	18:53	8
3854	18:54	8
3855	18:55	8
3856	18:56	8
3857	18:57	8
3858	18:58	8
3859	18:59	8
2352	18th	7
621	19	174
2972	19/20	7
4732	1900	5
4270	1920	5
4271	1921	5
4272	1922	5
4273	1923	5
4274	1924	6
4275	1925	6
4276	1926	6
4277	1927	6
4278	1928	6
4279	1929	6
4280	1930	7
4281	1931	5
4282	1932	5
4283	1933	5
4284	1934	5
4285	1935	5
4286	1936	5
4287	1937	5
4288	1938	5
4289	1939	8
4290	1940	8
4291	1941	8
4292	1942	8
4293	1943	8
4294	1944	5
4295	1945	5
4296	1946	5
2108	1947	7
2109	1948	8
2110	1949	8
2111	1950	9
2112	1951	11
2113	1952	11
2114	1953	11
2115	1954	11
2116	1955	12
2117	1956	12
2118	1957	14
2119	1958	14
2887	1958/59	5
2120	1959	15
2888	1959/60	5
2121	1960	24
2889	1960/61	5
2122	1961	27
2890	1961/62	5
2123	1962	27
2891	1962/63	5
2124	1963	28
2892	1963/64	5
2125	1964	28
2893	1964/65	5
2126	1965	28
2894	1965/66	5
2127	1966	28
2895	1966/67	5
2128	1967	28
2896	1967/68	5
2129	1968	28
2897	1968/69	5
2130	1969	29
2898	1969/70	5
2131	1970	44
2032	1970-71	5
2899	1970/71	5
2132	1971	44
2033	1971-72	9
2900	1971/72	5
2133	1972	42
2034	1972-73	9
2901	1972/73	5
2134	1973	48
2035	1973-74	9
2902	1973/74	5
2135	1974	43
2036	1974-75	9
2903	1974/75	5
2136	1975	43
2037	1975-76	11
2904	1975/76	8
2137	1976	46
2038	1976-77	22
2905	1976/77	5
2138	1977	47
2039	1977-78	22
2906	1977/78	5
2139	1978	44
2040	1978-79	23
2907	1978/79	5
2140	1979	47
2041	1979-80	25
2908	1979/80	5
2141	1980	57
802	1980-81	28
2909	1980/81	5
2024	1981	65
803	1981-82	28
2910	1981/82	6
2025	1982	62
804	1982-83	28
2911	1982/83	6
2026	1983	58
805	1983-84	30
2912	1983/84	6
2027	1984	56
806	1984-85	30
2913	1984/85	6
2028	1985	59
807	1985-86	31
2914	1985/86	9
1614	1986	64
808	1986-87	30
2915	1986/87	7
2029	1987	66
809	1987-88	31
2916	1987/88	9
1615	1988	66
810	1988-89	30
1627	1988-92	22
2917	1988/89	9
2567	1988–89	6
2030	1989	71
811	1989-90	31
2918	1989/90	9
2568	1989–90	7
1616	1990	122
4733	1990-1991	5
436	1990-91	40
2919	1990/91	12
1675	1990–91	9
439	1991	120
812	1991-92	43
2920	1991/92	13
1676	1991–92	10
1617	1992	132
813	1992-93	44
2921	1992/93	12
1677	1992–93	10
607	1993	137
4443	1993-1994	5
456	1993-4	5
814	1993-94	51
794	1993-97	37
781	1993/94	14
1678	1993–94	9
608	1994	133
815	1994-95	50
782	1994/95	27
1679	1994–95	9
248	1995	153
816	1995-96	65
783	1995/96	27
1680	1995–96	9
249	1996	176
817	1996-97	72
784	1996/97	37
3408	1996q1	89
3409	1996q2	49
3410	1996q3	49
3411	1996q4	49
1681	1996–97	10
250	1997	204
4554	1997-1998	7
462	1997-98	77
785	1997/98	31
3412	1997q1	49
3413	1997q2	49
3414	1997q3	49
3415	1997q4	49
1682	1997–98	14
251	1998	200
795	1998-02	37
4386	1998-1999	6
463	1998-99	89
4242	1998/2000	5
786	1998/99	44
2491	1998Q2	5
2492	1998Q3	5
2493	1998Q4	5
3416	1998q1	49
3417	1998q2	49
3418	1998q3	49
3419	1998q4	49
1683	1998–99	15
252	1999	217
464	1999-00	85
3548	1999-2000	19
3535	1999-2001	7
787	1999/00	35
2989	1999/2000	5
2494	1999Q1	6
2495	1999Q2	6
2496	1999Q3	6
2497	1999Q4	6
3420	1999q1	49
3421	1999q2	49
3422	1999q3	49
3423	1999q4	49
1684	1999–00	13
1976	19:00	12
384	19:00:00.0	24
3860	19:01	7
3861	19:02	7
3862	19:03	7
3863	19:04	7
3864	19:05	7
3865	19:06	7
3866	19:07	7
3867	19:08	7
3868	19:09	7
3869	19:10	10
3870	19:11	7
3871	19:12	7
3872	19:13	7
3873	19:14	7
3874	19:15	7
3875	19:16	7
3876	19:17	7
3877	19:18	7
3878	19:19	7
3879	19:20	10
3880	19:21	7
3881	19:22	7
3882	19:23	7
3883	19:24	7
3884	19:25	7
3885	19:26	7
3886	19:27	7
3887	19:28	7
3888	19:29	7
3889	19:30	11
3890	19:31	7
3891	19:32	7
3892	19:33	7
3893	19:34	7
3894	19:35	7
3895	19:36	7
3896	19:37	7
3897	19:38	7
3898	19:39	7
3899	19:40	10
3900	19:41	7
3901	19:42	7
3902	19:43	7
3903	19:44	7
3904	19:45	7
3905	19:46	7
3906	19:47	7
3907	19:48	7
3908	19:49	7
3909	19:50	10
3910	19:51	7
3911	19:52	7
3912	19:53	7
3913	19:54	7
3914	19:55	7
3915	19:56	7
3916	19:57	7
3917	19:58	7
3918	19:59	7
2353	19th	6
830	1:	8
2936	1Q	8
4243	1Q05	5
4245	1Q09	6
5863	1Q14	7
5657	1Q15	7
4751	1Y	9
5866	1\50	5
2842	1m	6
1744	1st	67
51	2	1145
5033	2-3	13
4453	2-Oest	5
4797	2.0	10
5128	2.5	8
4634	2.Quintil	7
448	2.kl.	6
2383	2/08	6
2385	2/09	7
5640	2/10	5
5110	2/11	7
5641	2/12	5
145	20	175
2476	20%	5
2062	20-24	27
2973	20/21	7
2419	200	7
53	2000	296
437	2000-01	104
457	2000-1	5
4387	2000-2001	7
5002	2000.I.n.év	6
5003	2000.II.n.év	6
5004	2000.III.n.év	6
5005	2000.IV.n.év	6
788	2000/01	69
4329	2000/2001	14
2498	2000Q1	14
2499	2000Q2	14
2500	2000Q3	13
2501	2000Q4	13
3424	2000q1	49
3425	2000q2	49
3426	2000q3	49
3427	2000q4	49
1685	2000–01	15
54	2001	324
438	2001-02	117
458	2001-2	5
4388	2001-2002	21
5006	2001.I.n.év	6
5007	2001.II.n.év	6
5008	2001.III.n.év	6
5009	2001.IV.n.év	6
789	2001/02	64
4330	2001/2002	14
2502	2001Q1	16
2503	2001Q2	16
2504	2001Q3	16
2505	2001Q4	16
538	2001g1	40
3428	2001q1	57
3429	2001q2	49
3430	2001q3	49
4799	2001q4	48
1686	2001–02	15
55	2002	400
281	2002-03	121
4389	2002-2003	27
3329	2002-2004	5
459	2002-3	6
5010	2002.I.n.év	6
5011	2002.II.n.év	6
5012	2002.III.n.év	6
4810	2002/01	5
790	2002/03	86
3402	2002/2003	41
2506	2002Q1	16
2507	2002Q2	17
2508	2002Q3	17
2509	2002Q4	17
4800	2002q1	48
4801	2002q2	48
4802	2002q3	48
4803	2002q4	48
1687	2002–03	16
56	2003	431
176	2003-04	151
796	2003-08	38
3394	2003-2004	32
3330	2003-2005	5
460	2003-4	6
5013	2003.I.n.év	6
5014	2003.II.n.év	6
5015	2003.III.n.év	6
5016	2003.IV.n.év	6
4811	2003/02	5
791	2003/04	84
4331	2003/2004	35
2510	2003Q1	19
2511	2003Q2	19
2512	2003Q3	19
2513	2003Q4	19
4804	2003q1	60
539	2003q2	108
540	2003q3	108
541	2003q4	108
1688	2003–04	14
57	2004	492
177	2004-05	168
1628	2004-08	5
3395	2004-2005	27
3331	2004-2006	5
844	2004-2008	9
5324	2004-5	6
5017	2004.I.n.év	6
5018	2004.II.n.év	6
5019	2004.III.n.év	6
5020	2004.IV.n.év	6
4812	2004/03	5
792	2004/05	114
4332	2004/2005	37
2514	2004Q1	19
2515	2004Q2	19
2516	2004Q3	16
2517	2004Q4	16
542	2004q1	108
543	2004q2	108
544	2004q3	108
545	2004q4	108
1689	2004–05	14
58	2005	543
5386	2005*	11
178	2005-06	212
2827	2005-07	6
2828	2005-08	6
1629	2005-09	14
2829	2005-10	7
2830	2005-11	8
2831	2005-12	9
1730	2005-2006	28
845	2005-2009	13
5511	2005-2010	6
5325	2005-6	6
5021	2005.I.n.év	6
5022	2005.II.n.év	6
5023	2005.III.n.év	6
5024	2005.IV.n.év	6
4813	2005/04	5
793	2005/06	113
3403	2005/2006	37
4298	2005/6	6
5050	2005F	12
3197	2005M02	7
3198	2005M03	7
3199	2005M04	7
3200	2005M05	7
3201	2005M06	7
3202	2005M07	7
3203	2005M08	7
3204	2005M09	7
3205	2005M10	7
3206	2005M11	7
3207	2005M12	7
2518	2005Q1	32
2519	2005Q2	32
2520	2005Q3	32
2521	2005Q4	32
546	2005q1	108
547	2005q2	108
548	2005q3	108
549	2005q4	108
1690	2005–06	20
59	2006	646
3150	2006-01	8
2832	2006-02	9
2833	2006-03	9
2834	2006-04	9
2835	2006-05	9
2836	2006-06	9
179	2006-07	234
2837	2006-08	11
2838	2006-09	15
1630	2006-10	11
2839	2006-11	9
2840	2006-12	9
1731	2006-2007	33
846	2006-2010	9
5326	2006-7	6
4814	2006/05	5
245	2006/07	139
4333	2006/2007	35
5441	200601	13
5442	200602	13
5443	200603	13
5444	200604	13
5445	200605	13
5446	200606	13
5447	200607	13
5448	200608	13
5449	200609	13
5450	200610	13
5451	200611	13
5452	200612	13
5051	2006F	12
3208	2006M02	8
3209	2006M03	8
3210	2006M04	8
3211	2006M05	8
3212	2006M06	8
3213	2006M07	8
3214	2006M08	8
3215	2006M09	8
3216	2006M10	8
3217	2006M11	8
3218	2006M12	8
2522	2006Q1	32
2523	2006Q2	32
2524	2006Q3	32
2525	2006Q4	32
550	2006q1	108
551	2006q2	108
552	2006q3	108
553	2006q4	108
1691	2006–07	32
60	2007	707
1998	2007-01	11
1999	2007-02	12
2000	2007-03	12
2001	2007-04	12
2002	2007-05	12
2003	2007-06	11
2004	2007-07	10
180	2007-08	229
2005	2007-09	16
877	2007-10	10
878	2007-11	10
879	2007-12	7
771	2007-2008	39
847	2007-2011	9
880	2007-8	8
4815	2007/06	5
246	2007/08	153
4382	2007/2008	26
1966	2007/8	5
5453	200701	16
5454	200702	16
5455	200703	16
5456	200704	16
5457	200705	16
5458	200706	16
5459	200707	16
5460	200708	16
5461	200709	16
5462	200710	16
5463	200711	16
5464	200712	16
5052	2007F	12
4762	2007M01	5
3219	2007M02	9
3220	2007M03	9
3221	2007M04	9
3222	2007M05	9
3223	2007M06	9
3224	2007M07	9
3225	2007M08	9
3226	2007M09	9
3227	2007M10	9
3228	2007M11	9
3229	2007M12	9
702	2007Q1	36
703	2007Q2	37
704	2007Q3	37
705	2007Q4	37
554	2007q1	108
555	2007q2	148
556	2007q3	148
557	2007q4	148
1692	2007–08	34
61	2008	769
1983	2008-02	5
1984	2008-03	5
1985	2008-04	5
1986	2008-05	5
1987	2008-06	5
1988	2008-07	5
1989	2008-08	5
181	2008-09	228
875	2008-10	9
881	2008-11	7
882	2008-12	9
772	2008-2009	39
848	2008-2012	11
271	2008-9	20
247	2008/09	181
3404	2008/2009	29
1967	2008/9	9
5465	200801	16
5466	200802	16
5467	200803	16
5468	200804	16
5469	200805	16
5470	200806	16
5471	200807	16
5472	200808	16
5473	200809	16
3502	200810	17
3503	200811	17
3504	200812	17
5053	2008F	12
4763	2008M01	6
3230	2008M02	10
3231	2008M03	10
3232	2008M04	10
3233	2008M05	10
3234	2008M06	10
3235	2008M07	10
3236	2008M08	10
3237	2008M09	10
3238	2008M10	10
3239	2008M11	10
3240	2008M12	10
706	2008Q1	41
707	2008Q2	42
708	2008Q3	44
709	2008Q4	44
558	2008q1	155
559	2008q2	155
560	2008q3	155
561	2008q4	155
1693	2008–09	34
62	2009	824
831	2009)	10
1990	2009-02	5
1991	2009-03	5
1992	2009-04	6
1993	2009-05	6
1994	2009-06	6
1995	2009-07	6
1996	2009-08	6
1997	2009-09	12
182	2009-10	257
883	2009-11	9
884	2009-12	8
773	2009-2010	40
125	2009/10	203
4383	2009/2010	32
3505	200901	17
3506	200902	17
3507	200903	17
3508	200904	17
3509	200905	17
3510	200906	17
3511	200907	17
3512	200908	17
3513	200909	17
3514	200910	17
3515	200911	17
3516	200912	17
5054	2009F	12
4764	2009M01	6
3241	2009M02	10
3242	2009M03	10
3243	2009M04	10
3244	2009M05	10
3245	2009M06	10
3246	2009M07	10
3247	2009M08	10
3248	2009M09	10
3249	2009M10	9
3250	2009M11	9
3251	2009M12	9
710	2009Q1	43
711	2009Q2	44
712	2009Q3	44
713	2009Q4	42
562	2009q1	155
563	2009q2	155
564	2009q3	155
565	2009q4	155
1694	2009–10	33
63	2010	820
832	2010)	10
885	2010-01	6
886	2010-02	7
887	2010-03	7
888	2010-04	7
889	2010-05	7
890	2010-06	7
891	2010-07	7
892	2010-08	7
893	2010-09	13
894	2010-10	7
183	2010-11	256
895	2010-12	11
774	2010-2011	38
1766	2010-2014	6
5512	2010-2015	6
126	2010/11	238
4384	2010/2011	35
3517	201001	17
3518	201002	17
3519	201003	17
3520	201004	17
3521	201005	17
3522	201006	17
3523	201007	17
3524	201008	17
3525	201009	17
3526	201010	17
3527	201011	17
3528	201012	17
4765	2010M01	6
3252	2010M02	9
3253	2010M03	9
3254	2010M04	9
3255	2010M05	9
3256	2010M06	9
3257	2010M07	9
3258	2010M08	9
3259	2010M09	9
3260	2010M10	9
3261	2010M11	9
3262	2010M12	9
714	2010Q1	41
715	2010Q2	42
716	2010Q3	42
717	2010Q4	42
566	2010q1	154
567	2010q2	151
568	2010q3	151
569	2010q4	151
1695	2010–11	33
64	2011	785
833	2011)	9
896	2011-01	6
897	2011-02	7
898	2011-03	7
899	2011-04	7
900	2011-05	6
901	2011-06	6
902	2011-07	6
903	2011-08	9
904	2011-09	15
905	2011-10	9
906	2011-11	9
184	2011-12	254
775	2011-2012	33
127	2011/12	212
4385	2011/2012	27
2531	201101	33
2532	201102	33
2533	201103	33
2534	201104	32
2535	201105	32
2536	201106	31
2537	201107	31
2538	201108	31
2539	201109	31
2540	201110	31
2541	201111	30
2542	201112	30
4766	2011M01	5
3263	2011M02	8
3264	2011M03	8
3265	2011M04	8
3266	2011M05	8
3267	2011M06	8
3268	2011M07	8
3269	2011M08	8
3270	2011M09	8
3271	2011M10	8
3272	2011M11	8
3273	2011M12	8
718	2011Q1	40
719	2011Q2	42
720	2011Q3	42
721	2011Q4	40
570	2011q1	151
571	2011q2	151
572	2011q3	151
573	2011q4	151
1696	2011–12	33
65	2012	775
834	2012)	10
2147	2012*	13
907	2012-01	7
908	2012-02	8
909	2012-03	8
910	2012-04	8
926	2012-04-17	5
927	2012-04-18	5
928	2012-04-19	5
929	2012-04-20	5
930	2012-04-21	5
911	2012-05	7
912	2012-06	7
913	2012-07	10
914	2012-08	10
915	2012-09	16
916	2012-10	11
917	2012-11	11
918	2012-12	11
185	2012-13	251
1924	2012-2013	25
128	2012/13	213
4678	2012/2013	20
2543	201201	62
2544	201202	62
2545	201203	61
2546	201204	61
2547	201205	61
2548	201206	61
2549	201207	61
2550	201208	61
2551	201209	61
2552	201210	61
2553	201211	61
2554	201212	61
4370	2012:Q2	20
4371	2012:Q3	20
4372	2012:Q4	20
2852	2012A	15
4767	2012M01	5
3274	2012M02	8
3275	2012M03	8
3276	2012M04	8
3277	2012M05	8
3278	2012M06	8
3279	2012M07	8
3280	2012M08	8
3281	2012M09	8
3282	2012M10	8
3283	2012M11	8
3284	2012M12	8
722	2012Q1	38
723	2012Q2	39
724	2012Q3	38
725	2012Q4	39
574	2012q1	151
575	2012q2	151
576	2012q3	151
577	2012q4	151
1697	2012–13	33
66	2013	714
4256	2013(e)	19
5354	2013)	5
2148	2013*	13
1845	2013-01	10
1846	2013-02	11
1847	2013-03	11
1848	2013-04	11
1849	2013-05	11
1850	2013-06	11
1851	2013-07	11
1852	2013-08	11
1853	2013-09	17
1854	2013-10	11
1855	2013-11	11
1856	2013-12	11
160	2013-14	253
1926	2013-2014	28
129	2013/14	186
1745	2013/2014	13
2555	201301	45
2556	201302	45
2557	201303	44
2558	201304	44
2559	201305	44
2560	201306	43
2561	201307	43
2562	201308	43
2563	201309	43
2564	201310	44
2565	201311	44
2566	201312	43
4373	2013:Q1	20
4374	2013:Q2	22
4375	2013:Q3	22
4376	2013:Q4	22
2853	2013A	16
4768	2013M01	5
3285	2013M02	8
3286	2013M03	8
3287	2013M04	8
3288	2013M05	8
3289	2013M06	8
3290	2013M07	8
3291	2013M08	8
3292	2013M09	8
3293	2013M10	8
3294	2013M11	8
3295	2013M12	8
2526	2013Q1	36
2281	2013Q2	38
2282	2013Q3	38
2283	2013Q4	37
578	2013q1	151
579	2013q2	141
580	2013q3	129
581	2013q4	129
1698	2013–14	31
67	2014	621
4257	2014(p)	21
5355	2014)	6
2149	2014*	13
1857	2014-01	10
1858	2014-02	11
1859	2014-03	10
1860	2014-04	10
1861	2014-05	10
1862	2014-06	10
1863	2014-07	10
1864	2014-08	10
1865	2014-09	16
1866	2014-10	10
1867	2014-11	9
1868	2014-12	9
186	2014-15	227
1927	2014-2015	24
5337	2014.	12
130	2014/15	169
1746	2014/2015	17
3529	201401	10
3530	201402	10
3531	201403	10
3532	201404	10
3533	201405	10
3534	201406	9
5658	201407	8
5659	201408	7
5660	201409	7
5698	201410	6
5699	201411	5
4377	2014:Q1	22
4378	2014:Q2	22
4379	2014:Q3	22
4380	2014:Q4	22
2854	2014A	16
4769	2014M01	5
3296	2014M02	8
3297	2014M03	8
3298	2014M04	8
3299	2014M05	8
3300	2014M06	8
3301	2014M07	8
3302	2014M08	8
3303	2014M09	8
3304	2014M10	8
3305	2014M11	8
3306	2014M12	8
2527	2014Q1	37
759	2014Q2	39
760	2014Q3	37
761	2014Q4	35
582	2014q1	117
583	2014q2	103
584	2014q3	89
585	2014q4	73
1699	2014–15	25
68	2015	491
3145	2015(p)	20
2925	2015*	13
1869	2015-01	6
1870	2015-02	6
1871	2015-03	5
1872	2015-04	5
1873	2015-05	5
1874	2015-09	10
200	2015-16	185
4749	2015-16r	14
3153	2015-2016	14
5513	2015-2020	6
5338	2015.	25
131	2015/16	126
1747	2015/2016	14
4381	2015:Q1	22
2855	2015A	15
3307	2015M02	7
3308	2015M03	7
3309	2015M04	7
3310	2015M05	7
3311	2015M06	7
3312	2015M07	7
3313	2015M08	7
3314	2015M09	7
3315	2015M10	7
3316	2015M11	7
3317	2015M12	7
762	2015Q1	29
763	2015Q2	31
2284	2015Q3	28
2285	2015Q4	27
1618	2015q1	57
1619	2015q2	43
1620	2015q3	29
4805	2015q4	16
1700	2015–16	15
240	2016	347
1954	2016-06	8
1955	2016-07	7
1956	2016-08	7
1957	2016-09	13
1958	2016-10	7
1959	2016-11	7
1960	2016-12	7
201	2016-17	122
4750	2016-17p	14
3154	2016-2017	7
4390	2016.	28
272	2016/17	92
4722	2016/2017	9
2856	2016A	15
3318	2016M02	5
3319	2016M03	5
3320	2016M04	5
3321	2016M05	5
3322	2016M06	5
3323	2016M07	5
3324	2016M08	5
3325	2016M09	5
3326	2016M10	5
3327	2016M11	5
3328	2016M12	5
3368	2016Q1	21
2286	2016Q2	21
2287	2016Q3	20
3369	2016Q4	17
4806	2016q1	16
4807	2016q2	12
4808	2016q3	12
4809	2016q4	12
413	2017	235
1961	2017-01	8
1962	2017-02	8
1963	2017-03	8
1964	2017-04	8
1965	2017-05	8
202	2017-18	75
4717	2017.	17
273	2017/18	63
4723	2017/2018	8
3370	2017Q1	15
3371	2017Q2	15
3372	2017Q3	7
3373	2017Q4	6
2800	2017q2	6
2801	2017q3	6
2802	2017q4	5
414	2018	103
203	2018-19	61
274	2018/19	50
4724	2018/2019	8
5671	2018†,‡	5
475	2019	31
204	2019-20	64
275	2019/20	45
4725	2019/2020	11
476	2020	20
5514	2020-2025	6
205	2020-21	57
4726	2020/2021	11
276	2020/21	45
477	2021	15
206	2021-22	46
4727	2021/2022	11
277	2021/22	39
478	2022	12
207	2022-23	46
4728	2022/2023	11
278	2022/23	38
479	2023	10
208	2023-24	42
4729	2023/2024	11
279	2023/24	37
480	2024	11
209	2024-25	38
4730	2024/2025	11
280	2024/25	37
481	2025	11
5515	2025-2030	6
210	2025-26	35
4731	2025/2026	6
2106	2025/26	31
482	2026	5
211	2026-27	34
2107	2026/27	21
212	2027-28	34
213	2028-29	34
214	2029-30	34
4734	2030	7
5516	2030-2035	6
215	2030-31	34
216	2031-32	34
217	2032-33	34
218	2033-34	29
219	2034-35	29
5517	2035-2040	6
220	2035-36	29
221	2036-37	29
4557	2036-47	9
222	2037-38	15
223	2038-39	14
224	2039-40	13
4735	2040	5
5518	2040-2045	6
225	2040-41	12
226	2041-42	11
227	2042-43	11
228	2043-44	11
229	2044-45	11
5519	2045-2050	6
230	2045-46	11
231	2047-48	11
232	2048-49	11
233	2049-50	11
1977	20:00	12
385	20:00:00.0	24
3919	20:01	6
3920	20:02	7
3921	20:03	6
3922	20:04	7
3923	20:05	6
3924	20:06	7
3925	20:07	6
3926	20:08	7
3927	20:09	6
3928	20:10	10
3929	20:11	6
3930	20:12	7
3931	20:13	6
3932	20:14	7
3933	20:15	6
3934	20:16	7
3935	20:17	6
3936	20:18	7
3937	20:19	6
3938	20:20	10
3939	20:21	6
3940	20:22	7
3941	20:23	6
3942	20:24	7
3943	20:25	6
3944	20:26	7
3945	20:27	6
3946	20:28	7
3947	20:29	6
3948	20:30	10
3949	20:31	6
3950	20:32	7
3951	20:33	6
3952	20:34	7
3953	20:35	6
3954	20:36	7
3955	20:37	6
3956	20:38	7
3957	20:39	6
3958	20:40	10
3959	20:41	6
3960	20:42	7
3961	20:43	6
3962	20:44	7
3963	20:45	6
3964	20:46	7
3965	20:47	6
3966	20:48	7
3967	20:49	6
3968	20:50	10
3969	20:51	6
3970	20:52	7
3971	20:53	6
3972	20:54	8
3973	20:55	7
3974	20:56	8
3975	20:57	7
3976	20:58	8
3977	20:59	7
4775	20Y	5
2354	20th	9
146	21	151
5079	21-24	11
2974	21/22	6
1978	21:00	12
386	21:00:00.0	24
3978	21:01	7
3979	21:02	8
3980	21:03	7
3981	21:04	8
3982	21:05	7
3983	21:06	8
3984	21:07	7
3985	21:08	8
3986	21:09	7
3987	21:10	11
3988	21:11	7
3989	21:12	8
3990	21:13	7
3991	21:14	8
3992	21:15	7
3993	21:16	8
3994	21:17	7
3995	21:18	8
3996	21:19	7
3997	21:20	11
3998	21:21	7
3999	21:22	8
4000	21:23	7
4001	21:24	8
4002	21:25	7
4003	21:26	8
4004	21:27	7
4005	21:28	8
4006	21:29	7
4007	21:30	11
4008	21:31	7
4009	21:32	8
4010	21:33	7
4011	21:34	8
4012	21:35	7
4013	21:36	8
4014	21:37	7
4015	21:38	8
4016	21:39	7
4017	21:40	11
4018	21:41	7
4019	21:42	8
4020	21:43	7
4021	21:44	8
4022	21:45	7
4023	21:46	8
4024	21:47	7
4025	21:48	8
4026	21:49	7
4027	21:50	11
4028	21:51	7
4029	21:52	8
4030	21:53	7
4031	21:54	8
4032	21:55	7
4033	21:56	8
4034	21:57	7
4035	21:58	8
4036	21:59	7
5867	21\35	5
2355	21st	5
147	22	130
1901	22-26	6
2975	22/23	6
1979	22:00	12
387	22:00:00.0	24
4037	22:01	7
4038	22:02	8
4039	22:03	7
4040	22:04	8
4041	22:05	7
4042	22:06	8
4043	22:07	7
4044	22:08	8
4045	22:09	7
4046	22:10	11
4047	22:11	7
4048	22:12	8
4049	22:13	7
4050	22:14	8
4051	22:15	7
4052	22:16	8
4053	22:17	7
4054	22:18	8
4055	22:19	7
4056	22:20	11
4057	22:21	7
4058	22:22	8
4059	22:23	7
4060	22:24	8
4061	22:25	7
4062	22:26	8
4063	22:27	7
4064	22:28	8
4065	22:29	7
4066	22:30	11
4067	22:31	7
4068	22:32	8
4069	22:33	7
4070	22:34	8
4071	22:35	7
4072	22:36	8
4073	22:37	7
4074	22:38	8
4075	22:39	7
4076	22:40	11
4077	22:41	7
4078	22:42	8
4079	22:43	7
4080	22:44	8
4081	22:45	7
4082	22:46	8
4083	22:47	7
4084	22:48	8
4085	22:49	7
4086	22:50	11
4087	22:51	7
4088	22:52	8
4089	22:53	7
4090	22:54	8
4091	22:55	7
4092	22:56	8
4093	22:57	7
4094	22:58	8
4095	22:59	7
2356	22nd	6
148	23	131
2976	23/24	6
1980	23:00	10
388	23:00:00.0	24
4096	23:01	5
4097	23:02	6
4098	23:03	5
4099	23:04	6
4100	23:05	5
4101	23:06	6
4102	23:07	5
4103	23:08	6
4104	23:09	5
4105	23:10	9
4106	23:11	5
4107	23:12	6
4108	23:13	5
4109	23:14	6
4110	23:15	5
4111	23:16	6
4112	23:17	5
4113	23:18	6
4114	23:19	5
4115	23:20	9
4116	23:21	5
4117	23:22	6
4118	23:23	5
4119	23:24	6
4120	23:25	5
4121	23:26	6
4122	23:27	5
4123	23:28	6
4124	23:29	5
4125	23:30	9
4126	23:31	5
4127	23:32	6
4128	23:33	5
4129	23:34	6
4130	23:35	5
4131	23:36	6
4132	23:37	5
4133	23:38	6
4134	23:39	5
4135	23:40	9
4136	23:41	5
4137	23:42	6
4138	23:43	5
4139	23:44	6
4140	23:45	5
4141	23:46	6
4142	23:47	5
4143	23:48	6
4144	23:49	5
4145	23:50	9
4146	23:51	5
4147	23:52	6
4148	23:53	5
4149	23:54	6
4150	23:55	5
4151	23:56	6
4152	23:57	5
4153	23:58	6
4154	23:59	5
149	24	142
1902	24-28	6
2977	24/25	6
2614	242	5
150	25	135
5080	25-28	11
2063	25-29	28
4746	25-34	12
2978	25/26	6
5132	250	5
5868	25\32	5
2357	25th	8
151	26	118
5135	26.2.2010	11
2979	26/27	6
2358	26th	7
152	27	106
5136	27.2.2009	11
5137	27.2.2015	5
5138	27.3.2013	11
2980	27/28	6
2359	27th	6
153	28	115
5209	28.11.2008	5
5139	28.11.2014	6
5140	28.12.2012	11
5141	28.2.2011	11
5142	28.2.2013	11
5143	28.2.2014	9
5144	28.6.2013	11
5145	28.9.2012	11
2981	28/29	6
2360	28th	8
154	29	117
5081	29-32	11
5146	29.1.2010	11
5147	29.10.2010	11
5148	29.11.2013	10
5210	29.2.2008	5
5149	29.2.2012	11
5150	29.4.2011	11
5151	29.5.2009	11
5152	29.6.2012	11
5153	29.7.2011	11
5211	29.8.2008	5
5154	29.8.2014	7
2982	29/30	6
2361	29th	6
835	2:	7
2937	2Q	8
4244	2Q07	5
4246	2Q09	6
4752	2Y	9
2843	2m	5
416	2nd	21
52	3	796
5034	3-4	11
2612	3.	13
5113	3.0	9
5129	3.5	6
449	3.kl.	6
5642	3/09	5
5111	3/10	7
5643	3/11	5
155	30	153
2064	30-34	27
4776	30-39	6
691	30-Jun-10	5
692	30-Jun-11	5
693	30-Jun-12	5
694	30-Sep-10	5
695	30-Sep-11	5
696	30-Sep-12	5
5155	30.1.2009	11
5156	30.1.2015	6
5157	30.10.2009	11
5158	30.11.2009	11
5159	30.11.2010	11
5160	30.11.2011	11
5161	30.11.2012	11
5212	30.12.2008	5
5162	30.12.2009	11
5163	30.12.2010	11
5164	30.12.2011	11
5165	30.12.2013	9
5166	30.12.2014	6
5167	30.3.2012	11
5213	30.4.2008	5
5168	30.4.2009	11
5169	30.4.2010	11
5170	30.4.2012	11
5171	30.4.2013	11
5214	30.5.2008	5
5172	30.5.2014	8
5215	30.6.2008	5
5173	30.6.2009	11
5174	30.6.2010	11
5175	30.6.2011	11
5176	30.6.2014	7
5177	30.7.2010	11
5178	30.8.2013	11
5216	30.9.2008	5
5179	30.9.2009	11
5180	30.9.2010	11
5181	30.9.2011	11
5182	30.9.2013	11
5183	30.9.2014	7
2983	30/31	6
2420	300	6
5869	30\28	5
4827	30th	7
1593	31	75
697	31-Dec-10	5
698	31-Dec-11	5
699	31-Mar-10	5
700	31-Mar-11	5
701	31-Mar-12	5
5217	31.1.2008	7
5184	31.1.2011	11
5185	31.1.2012	11
5186	31.1.2013	11
5187	31.1.2014	9
5218	31.10.2008	5
5188	31.10.2011	11
5189	31.10.2012	11
5190	31.10.2013	11
5191	31.10.2014	6
5219	31.3.2008	5
5192	31.3.2009	11
5193	31.3.2010	11
5194	31.3.2011	11
5195	31.3.2014	9
5196	31.3.2015	5
5197	31.5.2010	11
5198	31.5.2011	11
5199	31.5.2012	11
5200	31.5.2013	11
5220	31.7.2008	5
5201	31.7.2009	11
5202	31.7.2012	11
5203	31.7.2013	11
5204	31.7.2014	7
5205	31.8.2009	11
5206	31.8.2010	11
5207	31.8.2011	11
5208	31.8.2012	11
2984	31/32	6
2944	31st	5
1594	32	58
2985	32/33	6
1595	33	55
5082	33-36	11
2986	33/34	6
682	34	61
2987	34/35	6
5870	34\25	5
683	35	60
2065	35-39	32
4238	35-44	13
2988	35/36	6
346	36	56
5551	36161	11
5552	36192	11
5553	36251	11
5554	36312	11
5555	36342	11
5556	36404	11
5557	36465	11
5558	36526	11
5559	36557	11
5560	36617	11
5561	36678	11
5562	36708	11
5563	36770	11
5564	36831	11
5565	36892	11
5566	36923	11
5567	36982	11
1596	37	49
5083	37-40	11
5568	37043	11
5569	37073	11
5570	37135	11
5571	37196	11
750	37257	14
4349	37288	13
4350	37347	13
5572	37408	11
4351	37438	12
4352	37500	12
4353	37561	12
5573	37622	11
5574	37653	11
5575	37712	11
5576	37773	11
5577	37803	9
5601	37865	6
1597	38	51
5871	38\19	5
840	39	62
5387	39142	12
5388	39173	11
5389	39203	11
5390	39234	11
5391	39264	11
5392	39295	11
5393	39326	11
4703	39356	14
5394	39387	11
5395	39417	11
2851	39448	14
5396	39479	12
5397	39508	11
5398	39539	11
5399	39569	11
5400	39600	11
5401	39630	11
5402	39661	11
1768	39692	27
1769	39722	24
1770	39753	22
1771	39783	24
1772	39814	25
1773	39845	22
1774	39873	22
1775	39904	22
876	39934	24
1776	39965	23
1777	39995	28
836	3:	7
2938	3Q	8
4247	3Q09	6
4753	3Y	9
2844	3m	5
417	3rd	19
241	4	668
5035	4-5	12
1903	4-7	6
5114	4.0	8
427	4.5	7
4635	4.Quintil	7
450	4.kl.	6
5644	4/08	5
5645	4/09	5
5112	4/10	7
5029	4/11	7
5030	4/12	5
1598	40	64
2066	40-44	34
4414	40-49	8
2421	400	5
1778	40026	22
1779	40057	22
1780	40087	26
1781	40118	22
1782	40148	22
1783	40179	28
1784	40210	22
1785	40238	22
1786	40269	26
1787	40299	22
1788	40330	23
3192	40360	15
1789	40361	11
5403	40391	11
1790	40392	11
4623	40422	12
1791	40423	12
5404	40452	11
1792	40453	12
5405	40483	11
1793	40484	11
5406	40513	11
1794	40514	11
5407	40544	12
1795	40545	11
5408	40575	12
1796	40576	13
5409	40603	12
1797	40604	12
5410	40634	12
1798	40635	11
5411	40664	12
1799	40665	12
5412	40695	12
1800	40696	12
4299	40725	13
5413	40756	12
5414	40787	12
4300	40817	13
5415	40848	13
5328	40878	14
5416	40909	13
5417	40940	12
5418	40969	9
1599	41	44
5419	41000	11
5420	41030	8
5421	41061	10
5422	41091	10
5423	41122	9
5424	41153	9
5425	41183	6
3119	41214	12
5426	41244	5
3120	41275	12
3121	41306	10
3122	41365	7
3123	41395	5
3124	41426	7
3125	41456	7
3126	41487	7
3127	41518	7
1600	42	50
4701	42139	7
5872	42\17	5
1601	43	48
684	44	50
685	45	50
2067	45-49	36
4747	45-54	12
1602	46	42
1603	47	48
5873	47\14	5
347	48	49
1604	49	46
2939	4Q	8
4248	4Q09	6
4754	4Y	9
2845	4m	5
418	4th	19
242	5	594
4505	5-10	12
5084	5-8	11
2927	5-9	10
2961	5.	10
5115	5.0	8
3432	5.5	6
451	5.kl.	6
1605	50	62
2928	50-54	35
4415	50-59	8
4618	50-60%	6
2422	500	8
1606	51	42
1607	52	45
5874	52\9	5
1608	53	39
1609	54	43
1610	55	40
2929	55-59	35
4748	55-64	11
1611	56	39
5875	56\6	5
1612	57	42
1613	58	36
356	59	38
4755	5Y	9
5876	5\47	5
2846	5m	5
2362	5th	8
243	6	544
5710	6%	7
5116	6.0	7
452	6.kl.	6
2346	6/2015	6
686	60	61
2930	60-64	33
4416	60-69	8
4619	60-70%	6
4160	600	5
5877	60\4	5
1656	61	22
1657	62	24
1658	63	26
1659	64	25
5878	64\1	5
1660	65	29
1721	65+	8
2931	65-69	28
5101	65-74	8
1661	66	24
1662	67	23
1663	68	24
1664	69	27
4756	6Y	9
2847	6m	6
2363	6th	7
244	7	428
453	7.kl.	6
625	70	42
2477	70%	5
2932	70-74	29
4417	70-79	5
4620	70-80%	6
626	71	25
2243	7139	6
627	72	29
628	73	59
629	74	62
630	75	70
2933	75-79	25
631	76	61
632	77	59
633	78	70
634	79	69
4757	7Y	9
2848	7m	5
2994	7th	8
342	8	453
3549	8,	5
1904	8-12	8
454	8.kl.	6
635	80	84
5001	80+	10
2934	80-84	14
4621	80-90%	6
636	81	70
637	82	69
638	83	71
639	84	76
640	85	81
4495	85+	6
2935	85-89	8
641	86	78
642	87	78
643	88	83
644	89	79
5384	89-90	7
4758	8Y	9
2849	8m	5
2995	8th	7
343	9	418
5085	9-12	13
455	9.kl.	6
4624	9/30/11	5
4431	9/30/12	11
4432	9/30/13	18
4433	9/30/14	26
4435	9/30/15	20
4437	9/30/16	16
645	90	95
5323	90+	5
4622	90-100%	6
5385	90-91	7
646	91	80
5383	91-92	8
647	92	87
5382	92-93	9
648	93	82
649	94	85
2266	94/95	5
650	95	86
2267	95/96	5
651	96	86
2268	96/97	47
652	97	86
5130	97-98	5
2269	97/98	47
653	98	87
5131	98-99	5
2270	98/99	48
654	99	85
4632	99-00	8
2271	99/00	47
5340	999]	8
4759	9Y	9
5879	9\45	5
2850	9m	5
3401	9th	7
1705	<	17
1925	=	12
2043	>	8
317	A	43
4259	A.	18
5102	A1	6
5103	A2	8
5104	A3	6
5105	A4	7
5106	A5	6
5107	A6	7
5108	A7	5
4718	ABR	9
2396	ABRIL	8
669	AD	23
5331	AE	7
4719	AGO	7
2397	AGOSTO	9
5057	AL	7
5256	ANA	7
2387	AND	6
3470	AORN	5
5661	AP	5
764	APR	147
5711	APR02	80
5712	APR03	80
5713	APR04	80
5714	APR05	80
5715	APR06	80
5716	APR07	80
5717	APR08	80
5718	APR09	80
5719	APR10	80
5720	APR11	80
5721	APR12	80
5722	APR13	80
5856	APR14	50
1875	APRIL	10
1748	ARG	75
5356	ASU	8
5357	ASURA	12
282	AT	43
4787	AU	17
856	AUG	131
5723	AUG02	80
5724	AUG03	80
5725	AUG04	80
5726	AUG05	80
5727	AUG06	80
5728	AUG07	80
5729	AUG08	80
5730	AUG09	80
5731	AUG10	80
5732	AUG11	80
5733	AUG12	80
5734	AUG13	80
5862	AUG14	10
1876	AUGUST	15
659	AUS	256
162	AUT	275
4544	AZ	7
5125	Abbott-Hockey	6
132	Aberdeen	9
2367	Aberdeenshire	9
1841	Abr	64
4210	Abril	8
1932	Abruzzo	9
864	Access	5
5381	Actual	5
2809	Acute	5
5257	Ada	7
70	Adrian	7
5258	Aduba,	7
3443	Aerials	10
253	Afghanistan	13
1665	Africa	45
2273	African	19
2638	After	5
1842	Ago	71
4392	Agosto	8
5259	Akins,	7
4336	Alabama	6
3538	Alaska	6
2601	Albania	6
670	Alberta	25
71	Alexander	5
419	All	22
4444	Allemagne	12
4161	Allen	13
4454	Alt	6
2255	America	7
2274	American	22
2093	Anderson	5
4455	Andreu	5
133	Angeles	7
2368	Angus	9
5222	Anne	7
3164	AntyBank	6
2991	Août	16
4363	Apple	6
35	Apr	754
2328	Apr-03	8
2329	Apr-10	10
1801	Apr-12	16
1802	Apr-13	13
1822	Apr-14	13
1827	Apr-15	5
2330	Apr-17	9
5647	Apr-18	6
5036	Apr-2015	5
2331	Apr-24	8
1703	Apr-Jun	52
2653	Apr.	25
2569	Apr.03	6
49	April	318
3407	Arab	9
4157	Arabia	13
2006	Argentina	37
4450	Argentina1	5
727	Argyll	10
5223	Arias,	7
4524	Arizona	5
4337	Arkansas	6
2585	Armenia	6
728	Arran	28
2256	Asia	7
2967	Asian	5
5477	Assistance	6
4705	Assistant	5
3471	Association	7
2810	Asthma	6
2860	Auckland	16
36	Aug	713
2332	Aug-07	9
1803	Aug-11	19
1804	Aug-12	15
1805	Aug-13	14
1828	Aug-14	18
1829	Aug-15	5
5648	Aug-18	6
5037	Aug-2014	5
2333	Aug-21	8
5090	Aug-Oct	6
1669	Aug.	37
116	August	244
519	Australia	233
4445	Australie	9
1	Austria	350
4637	Autriche	12
2386	Average	29
4837	Avril	16
729	Ayrshire	37
318	B	53
4260	B.	16
142	B1	5
143	B2	5
144	B3	5
283	BE	38
919	BEL	279
284	BG	15
4393	BGR	7
1749	BRA	153
4343	Back	5
4456	Badalona	5
2007	Bahamas	5
4831	Banana	5
254	Bangladesh	10
2573	Barking	6
4510	Barnet	7
4457	Barris	5
4264	Base	11
3118	Baseline	17
837	Baseline:	6
1933	Basilicata	9
5058	Baton	5
2020	Bay	27
1707	Beach	5
4545	Beach,	5
2046	Before	6
4658	Belgien	32
4638	Belgique	11
2	Belgium	345
72	Benedict	5
3163	Black	6
483	Bladder	17
4301	Bletchley	6
4686	Bloemf	16
484	Blood	13
2364	Blue	6
4834	Board	9
4458	Boi	5
2590	Bolivia	11
2019	Bond	8
485	Bone	13
73	Boniface	5
5224	Booker,	7
730	Borders	37
2617	Boston	7
4302	Bradwell	6
486	Brain	13
5663	Brake	7
5260	Braverman,	7
2023	Brazil	78
3182	Brazil1	12
1734	Brent	16
2094	Brian	10
4303	Brickhill	6
671	Bristol	21
3500	British	5
2095	Bruce	6
4666	Bryce	10
161	Budget	6
3	Bulgaria	135
4639	Bulgarie	5
4659	Bulgarien	32
3452	Bunny	15
4558	Burkina	8
4824	Burundi	6
2369	Bute	8
396	C	57
4261	C.	9
4772	CA	29
920	CAN	247
4816	CBE	9
4716	CH	23
163	CHE	251
1750	CHL	210
1751	CHN	120
5522	CL	7
5523	CN	6
5059	CO	8
1752	COL	73
1753	CRI	63
4459	CSMIJ	5
461	CT	11
285	CY	12
286	CZ	21
164	CZE	269
1934	Calabria	7
592	California	9
74	Callixtus	5
5261	Camacho,	7
2604	Cambodia	9
4511	Camden	7
4567	Cameroon	6
1935	Campania	9
4304	Campbell	7
520	Canada	229
3183	Canada1	5
2923	Canada2	6
2811	Cancer	9
2861	Canterbury	16
2143	Capital	21
4233	Card	10
3472	Cardiology	7
2641	Care	11
2325	Carolina	9
5262	Carter,	7
4460	Castelldefels	5
75	Celestine	5
3151	Central	23
2642	Centre	9
487	Cervix	13
4559	Chad	10
5263	Cheng	7
3332	Cherry	6
3473	Chest	7
521	Chile	138
5656	Chili	5
5264	Chin,	7
2605	China	46
4249	Chinese	10
5265	Christina	7
5266	Christopher	7
4640	Chypre	5
4709	Cinema	5
3474	Circulation	7
134	City	33
4998	City,	9
2370	Clackmannanshire	8
4494	Class	8
76	Clement	5
3397	Cleveland	6
2643	Clinic	8
865	Clinical	6
731	Clyde	28
1708	Coast	28
3475	Cochrane	7
3476	Coding	6
3477	College	13
4461	Coloma	5
440	Colombia	36
488	Colon	13
4525	Colorado	6
4828	Commercial	5
44	Communication	5
4334	Community	10
4239	Completion	27
819	Congo,	5
4526	Connecticut	5
2998	Content	5
3193	Control_Neg.	12
4462	Cornellà	5
4463	Corts	5
5535	Corée	7
45	Cost	14
1709	Costa	26
2862	Counties	16
5225	Courtney	16
3398	Credit	8
3478	Critical	7
748	Croatia	85
4641	Croatie	5
2044	Cross	21
3333	Croydon	5
596	Current	19
2637	Customer	6
4777	Cypern	28
4	Cyprus	111
1885	Cyprus¹	9
5	Czech	320
4355	Czech Republic	14
397	D	66
4262	D.	10
2047	D1	16
5532	D12	5
3169	D2	16
2048	D3	18
5327	D4	6
287	DE	46
857	DEC	154
5735	DEC02	80
5736	DEC03	80
5737	DEC04	80
5738	DEC05	80
5739	DEC06	80
5740	DEC07	80
5741	DEC08	80
5742	DEC09	80
5743	DEC10	80
5744	DEC11	80
5745	DEC12	80
5746	DEC13	80
660	DEU	280
4720	DIC	11
2398	DICIEMBRE	6
288	DK	32
165	DNK	269
4560	DRC	11
4523	DS	5
2574	Dagenham	6
3539	Dakota	6
3436	Dalmatian	34
4642	Danemark	11
4305	Danesborough	6
5226	Daniel	7
3133	Danmark	32
931	Danska	5
3479	Database	8
2103	David	12
3149	Day	11
4687	Dbn	27
4667	Deasey	10
30	Dec	775
849	Dec-07	5
850	Dec-08	7
851	Dec-09	7
852	Dec-10	8
853	Dec-11	24
854	Dec-12	25
855	Dec-13	17
1830	Dec-14	9
5649	Dec-17	6
5038	Dec-2014	5
5094	Dec-Feb	6
1670	Dec.	40
4252	Dec.03	6
156	December	227
5358	Decide	5
597	Delinquent	5
5608	Demand	10
4306	Denbigh	6
6	Denmark	341
4191	Denver	5
2620	Detroit	6
1905	Dez	31
2812	Diabetes	5
1843	Dic	44
5528	Diciembre	5
4194	Direct	6
2275	Dis	5
5578	Dis-00	11
5579	Dis-01	11
5580	Dis-02	11
5581	Dis-98	11
5582	Dis-99	11
2651	Disability	5
3001	Disad.	8
3540	District	8
5697	Division	8
2586	Djibouti	5
5267	Doby,	7
5545	Dollar	10
2591	Dominican	7
5227	Donna	7
5268	Douglass	7
732	Dumfries	36
2371	Dunbartonshire	9
2372	Dundee	9
4832	Durian	5
5427	Déc.2005*	11
5428	Déc.2006*	11
398	E	52
4263	E.	16
2254	EA17	5
289	EA19	7
3342	ED	6
290	EE	25
291	EL	35
4627	EM	7
4721	ENE	8
5550	ENE.	8
2399	ENERO	7
672	EPMA	20
292	ES	41
661	ESP	279
166	EST	244
7	EU	117
861	EU-27	16
2076	EU-28	33
752	EU19	13
2996	EU21	7
2015	EU22	13
2253	EU27	22
293	EU28	21
2045	East	55
2530	Eastern	11
4307	Eaton	6
2276	Eco	5
3002	Econ.	11
2592	Ecuador	9
2277	Ed	13
673	Edinburgh	26
431	Education	20
866	Educational	6
260	Egypt	6
4464	Eixample	5
1710	El	17
4833	Elderberry	5
4308	Emerson	6
1936	Emilia-Romagna	7
4438	Emirates	5
5228	Enciso	7
2941	End	5
2022	Ene	38
4206	Enero	7
4512	Enfield	6
2615	Engl	5
622	England	40
4761	England/N.	7
4537	English	6
2857	Enough	6
5229	Eric	7
5269	Ericka	7
4643	Espagne	13
4465	Est	5
3136	Estland	30
5319	Estland*	5
8	Estonia	278
4644	Estonie	11
820	Ethiopia	8
77	Eugene	5
924	Euro	17
2257	Europe	15
2968	European	12
2272	Eurozone	17
2883	Exceeds	7
4420	Express	5
489	Eye	14
399	F	53
5118	F.	8
5693	F00SP01	6
5694	F01SP02	6
5695	F02SP03	6
5696	F03SP04	6
1741	F1	35
2487	F1Q14	8
4736	F1Q15	7
1742	F2	33
2488	F2Q13	8
2480	F2Q14	14
2481	F2Q15	14
2482	F2Q16	6
1743	F3	35
2489	F3Q13	8
2483	F3Q14	14
2484	F3Q15	13
2943	F4	22
2490	F4Q13	8
2485	F4Q14	14
2486	F4Q15	7
765	FEB	154
5520	FEB.	7
5747	FEB02	80
5748	FEB03	80
5749	FEB04	80
5750	FEB05	80
5751	FEB06	80
5752	FEB07	80
5753	FEB08	80
5754	FEB09	80
5755	FEB10	80
5756	FEB11	80
5757	FEB12	80
5758	FEB13	80
5857	FEB14	70
2400	FEBRERO	8
294	FI	41
167	FIN	270
4546	FL	12
5230	FLORES,	14
295	FR	41
662	FRA	277
932	FY	58
1733	FY02	7
331	FY03	13
332	FY04	15
320	FY04-05	11
333	FY05	28
334	FY06	38
321	FY06-07	11
335	FY07	40
336	FY08	67
322	FY08-09	12
337	FY09	48
4606	FY09/10	10
338	FY10	43
323	FY10-13	11
4607	FY10/11	13
339	FY11	32
4608	FY11/12	13
340	FY12	27
4609	FY12/13	13
758	FY13	28
5604	FY13/14	11
754	FY14	19
324	FY14-17	11
5605	FY14/15	11
755	FY15	17
756	FY16	12
757	FY17	9
325	FY18-21	11
4225	FY2002	6
4226	FY2003	6
4227	FY2004	7
4228	FY2005	7
4229	FY2006	8
4230	FY2007	10
4231	FY2008	10
4232	FY2009	12
2639	FY2010	14
2640	FY2011	13
4760	FY2012	5
4425	Facilities	5
2813	Failure	5
2373	Falkirk	9
827	Fall	78
4561	Faso	8
5609	Feasible	9
37	Feb	773
1806	Feb-12	17
1807	Feb-13	14
1823	Feb-14	11
1831	Feb-15	9
5650	Feb-18	6
5039	Feb-2015	5
5091	Feb-Apr	6
841	Feb.	28
4253	Feb.03	5
5529	Febrero	5
122	February	220
1666	Federation	56
867	Feedback	5
5359	Feel	5
598	Fees/Charges	6
5231	Felicitas	7
111	Felix	8
4309	Fenny	6
4234	Fest	5
3179	Fev	23
733	Fife	36
2962	Final	6
4265	Finance	9
599	Fines	5
9	Finland	386
4645	Finlande	12
5049	Fire	8
2964	First	8
3130	First-generation	6
1886	Flanders	15
5232	Flannery,	7
4668	Flauss	6
5270	Fletcher,	7
5271	Flores,	7
4338	Florida	5
4538	Food	6
5233	Fooks,	7
3334	Forest	8
4199	Fort	10
734	Forth	28
10	France	374
3137	Frankrike	30
4236	Freeze	13
2879	Fri	8
4738	Fri-	24
3185	Friday	13
3454	Friendship	6
1937	Friuli-Venezia	6
5610	Fun	9
2144	Fund	10
3453	Funny	15
4310	Furzton	6
5429	Fév.	11
5119	Février	15
400	G	33
2606	G.	9
4158	G7	7
4547	GA	9
5272	GARCIA	7
4788	GB	17
663	GBR	270
1767	GF	5
5273	GODFREY	7
4789	GR	11
1754	GRC	243
735	Galloway	36
4568	Gambia	5
4466	Garraf	5
3144	Gas	5
4467	Gavà	5
4426	General	17
2326	Georgia	13
11	Germany	372
1938	Giulia	6
736	Glasgow	38
2021	Golden	31
2858	Good	11
4240	Grade	26
737	Grampian	28
2621	Grand	9
4468	Granollers	5
4311	Great	11
738	Greater	33
12	Greece	289
2365	Green	10
3335	Greenwich	5
78	Gregory	5
79	GregoryXV	5
4778	Grekland	28
2644	Group	8
4469	Gràcia	5
4646	Grèce	11
2593	Guatemala	10
4200	Guinea	6
5274	Guzman,	7
401	H	26
5234	HAYS,	7
5060	HI	5
2008	HK	16
46	HR	15
4394	HRV	5
296	HU	25
168	HUN	263
3336	Hackney	6
441	Haiti	10
3541	Hampshire	8
4312	Hanslope	6
3337	Haringey	11
5275	Harper,	7
5235	Harris,	7
1735	Harrow	13
4496	Harry	8
2622	Hart	5
3542	Hawaii	7
5126	Hawke-Keating	6
2863	Hawkes	16
432	Health	18
490	Heart	23
5236	Heather	7
5237	Hector	7
2096	Henry	11
5238	Hernandez,	7
1844	High	32
739	Highland	37
2104	Hill	9
5276	Hill,	8
1736	Hillingdon	12
2278	Hispanic	15
4669	Hoffman	10
5277	Hogan,	7
674	Holloway	20
4266	Home	7
2594	Honduras	9
3146	Hong	14
4647	Hongrie	14
80	Honorius	5
4470	Horta-Guinardó	5
4440	Hospital	6
4471	Hospitalet	5
2645	House	12
2097	Howard	5
5127	Howard-Costello	6
4361	Human	5
4411	Humber	5
13	Hungary	313
1633	Hungary1	11
4670	Hutchings	10
2864	Hutt	16
81	I	265
4472	I-	5
2050	I.	13
5495	I./00	8
5496	I./01	8
5497	I./02	8
5498	I./03	8
5499	I./04	8
5500	I./05	8
5501	I./06	8
5502	I./07	8
5503	I./08	8
5504	I./09	8
5505	I./10	8
5506	I./11	8
5510	I./12	6
5507	I./97	8
5508	I./98	8
5509	I./99	8
3003	I/1998	14
3004	I/1999	15
3005	I/2000	15
3006	I/2001	15
3007	I/2002	15
3008	I/2003	15
3009	I/2004	15
3010	I/2005	15
3093	I/2006	7
3094	I/2007	7
3480	ICD-10-CM	6
3481	ICD-10-PCS	6
675	ICP-AES	20
4790	ID	8
1755	IDN	125
297	IE	26
82	II	34
2051	II.	11
3011	II/1998	15
3012	II/1999	15
3013	II/2000	15
3014	II/2001	15
3015	II/2002	15
3016	II/2003	15
3017	II/2004	15
3018	II/2005	15
3095	II/2006	7
3096	II/2007	7
83	III	23
2052	III.	11
3019	III/1998	15
3020	III/1999	15
3021	III/2000	15
3022	III/2001	15
3023	III/2002	15
3024	III/2003	15
3025	III/2004	15
3026	III/2005	15
3097	III/2006	7
3098	III/2007	7
5061	IL	11
4506	IN	7
1756	IND	93
664	IRL	265
4507	IS	6
1757	ISL	218
1758	ISR	207
298	IT	42
169	ITA	271
749	ITALY	38
84	IV	122
2053	IV.	11
3027	IV/1998	15
3028	IV/1999	15
3029	IV/2000	15
3030	IV/2001	15
3031	IV/2002	15
3032	IV/2003	15
3033	IV/2004	15
3034	IV/2005	13
3099	IV/2006	7
3100	IV/2007	7
85	IX	10
2054	IX.	11
3035	IX/1998	15
3036	IX/1999	15
3037	IX/2000	15
3038	IX/2001	15
3039	IX/2002	15
3040	IX/2003	15
3041	IX/2004	15
3101	IX/2005	9
3102	IX/2006	7
522	Iceland	208
4527	Idaho	6
4528	Illinois	5
5606	Impact	18
3165	Indeks	6
255	India	38
4529	Indiana	7
821	Indonesia	45
797	Industry	6
86	Innocent	5
798	International	5
2374	Inverclyde	8
600	Investment	6
4530	Iowa	6
822	Iraq	7
14	Ireland	341
3550	Ireland1	5
3138	Irland	11
4779	Irland*	25
4648	Irlande	10
4817	Islamic	10
3139	Island	35
5320	Island*	6
4679	Islande	6
740	Isles	30
4513	Islington	5
523	Israel	144
5541	Israël	5
4446	Italie	14
2069	Italien	33
524	Italy	319
3152	Italy*	6
3551	Italy1	8
5334	Iteration	5
428	J	24
5278	J.	7
3482	JAMA:	7
766	JAN	150
5759	JAN02	80
5760	JAN03	80
5761	JAN04	80
5762	JAN05	80
5763	JAN06	80
5764	JAN07	80
5765	JAN08	80
5766	JAN09	80
5767	JAN10	80
5768	JAN11	80
5769	JAN12	80
5770	JAN13	80
5771	JAN14	80
5279	JOSE	7
5318	JP	17
921	JPN	248
769	JUL	112
5772	JUL02	80
5773	JUL03	80
5774	JUL04	80
5775	JUL05	80
5776	JUL06	80
5777	JUL07	80
5778	JUL08	80
5779	JUL09	80
5780	JUL10	80
5781	JUL11	80
5782	JUL12	80
5783	JUL13	80
5858	JUL14	20
2401	JULIO	8
1877	JULY	53
770	JUN	115
5784	JUN02	80
5785	JUN03	80
5786	JUN04	80
5787	JUN05	80
5788	JUN06	80
5789	JUN07	80
5790	JUN08	80
5791	JUN09	80
5792	JUN10	80
5793	JUN11	80
5794	JUN12	80
5795	JUN13	80
5859	JUN14	30
767	JUNE	56
2402	JUNIO	7
1887	Jakarta	5
3374	James	11
38	Jan	724
2819	Jan-06	33
2820	Jan-07	33
2821	Jan-08	42
421	Jan-09	49
422	Jan-10	50
423	Jan-11	44
586	Jan-12	50
587	Jan-13	42
588	Jan-14	31
1832	Jan-15	8
5651	Jan-18	6
5040	Jan-2015	5
1701	Jan-Mar	60
842	Jan.	41
2570	Jan.03	6
2571	Jan.04	6
5430	Jan.2007	11
123	January	234
4838	Janvier	16
525	Japan	212
1634	Japan1	5
4451	Japan2	6
4680	Japon	7
5280	Jean	7
4412	Jennifer	11
4531	Jersey	5
2098	Jesse	20
4688	Jhb	28
5239	Jimmerson,	7
87	John	12
261	Jordan	10
3483	Journal	7
4235	Judges	11
5281	Judith	7
5120	Juillet	15
2992	Juin	17
39	Jul	673
2334	Jul-03	8
2822	Jul-06	33
2823	Jul-07	34
2824	Jul-08	42
424	Jul-09	48
425	Jul-10	60
426	Jul-11	58
589	Jul-12	46
590	Jul-13	35
1833	Jul-14	23
2335	Jul-17	9
5652	Jul-18	6
5041	Jul-2014	5
2336	Jul-24	8
2337	Jul-31	8
1704	Jul-Sep	44
4442	Jul-Sept	12
5543	Jul.	9
4211	Julio	6
88	Julius	5
117	July	431
40	Jun	682
355	Jun-02	5
2338	Jun-05	8
4682	Jun-11	6
1808	Jun-12	25
1809	Jun-13	22
1834	Jun-14	14
1835	Jun-15	6
5653	Jun-18	6
2339	Jun-19	8
5042	Jun-2015	5
2340	Jun-26	8
5095	Jun-Aug	6
5544	Jun.	9
3195	Jun.03	7
118	June	436
5547	Jungle	15
5530	Junio	5
2815	Jūl.	11
2816	Jūn.	11
402	K	22
1737	K&C	11
5548	KMC	5
665	KOR	245
5524	KR	17
5062	KS	5
3553	Kansas	13
5282	Karen	9
4671	Kay	10
2587	Kazakhstan	6
5283	Ken	7
3433	Kentucky	9
4562	Kenya	8
5284	Kevin	7
3448	Keystone	29
5285	Khan,	7
3447	Kick-Off	5
3437	Kick-off	35
491	Kidney	13
5286	Kim	8
4689	Kimberley	8
526	Kingdom	284
2375	Kinross	8
4690	Klrksdrp	13
4250	Kong,	5
5332	Kong-China	6
527	Korea	209
2602	Kosovo	5
4660	Kroatien	23
5240	Kuo,	7
403	L	35
5287	L.	7
4548	LA	9
676	LA-ICP-MS	20
2575	LB	5
4614	LBP	7
3343	LD	6
2279	LEP	13
2390	LN	22
2391	LS	22
299	LT	16
1759	LTU	100
300	LU	59
1760	LUX	237
301	LV	20
1761	LVA	118
1711	Lake	8
2865	Lakes	16
2646	Lambeth	5
741	Lanarkshire	37
3484	Lancet	7
256	Lanka	9
4201	Lao	5
492	Larynx	13
4213	Las	5
2965	Last	10
15	Latvia	178
1939	Lazio	9
235	Le	5
1738	Learning	7
838	Leaver	6
823	Lebanon	6
4706	Lecturer	6
4427	Legal	9
89	Leo	6
4473	Les	5
687	Less	11
4661	Lettland	32
4649	Lettonie	9
3338	Lewisham	6
677	LiB	20
2009	Liberia	10
3438	Liberty	34
601	License	5
2077	Liechtenstein	16
1940	Liguria	7
4313	Linford	6
4662	Litauen	32
2577	Literacy	11
16	Lithuania	162
2099	Little	5
4650	Lituanie	7
493	Liver	17
868	Local	7
1941	Lombardia	8
2576	London	18
1712	Long	8
4314	Longville	6
135	Los	14
742	Lothian	37
4315	Loughton	6
2626	Louis	12
4339	Louisiana	6
187	Low	34
2940	Lowest	6
5288	Luce,	7
494	Lung	17
17	Luxembourg	303
4663	Luxemburg	30
495	Lymph	13
404	M	24
5289	M.	7
2439	M1	16
2440	M10	5
2441	M2	16
1891	M3	17
1892	M4	17
1893	M5	17
1894	M6	17
1895	M7	6
1896	M8	6
2442	M9	9
5063	MA	5
768	MAR	169
5521	MAR.	6
5796	MAR02	80
5797	MAR03	80
5798	MAR04	80
5799	MAR05	80
5800	MAR06	80
5801	MAR07	80
5802	MAR08	80
5803	MAR09	80
5804	MAR10	80
5805	MAR11	80
5806	MAR12	80
5807	MAR13	80
5860	MAR14	60
1878	MARCH	9
2403	MARZO	9
5478	MAT	6
124	MAY	176
5808	MAY02	80
5809	MAY03	80
5810	MAY04	80
5811	MAY05	80
5812	MAY06	80
5813	MAY07	80
5814	MAY08	80
5815	MAY09	80
5816	MAY10	80
5817	MAY11	80
5818	MAY12	80
5819	MAY13	80
5861	MAY14	40
2404	MAYO	8
5048	MB	6
5133	MC	5
5064	MD	6
1762	MEX	223
2010	MI	12
5241	MIKE	8
5065	MN	6
5066	MO	6
302	MT	17
5672	MY	6
2409	MYS	5
5583	Mac-00	11
5584	Mac-01	11
5585	Mac-02	11
5586	Mac-03	11
5587	Mac-99	11
4672	Macdonald	10
2603	Macedonia	6
2993	Mai	49
2817	Mai.	11
4421	Mail	5
3543	Maine	6
3147	Maj	6
5360	Make	5
2607	Malaysia	11
4563	Mali	8
18	Malta	142
4651	Malte	5
496	Mammary	13
5290	Mancha,	7
4710	Mania	5
4316	Manor	6
2866	Manukau	16
31	Mar	856
2410	Mar*	8
4551	Mar-07	5
4552	Mar-08	6
4553	Mar-09	6
4683	Mar-10	7
4684	Mar-11	7
1810	Mar-12	20
1811	Mar-13	25
1824	Mar-14	16
1836	Mar-15	9
5654	Mar-18	6
5043	Mar-2015	5
5096	Mar-May	6
1671	Mar.	30
4254	Mar.03	6
5291	Marc	7
90	Marcellus	5
115	March	289
1942	Marche	7
4673	Maria	18
5479	Marine,	6
112	Mark	7
2867	Marlborough	16
3148	Mars	19
91	Martin	5
5292	Martinez,	7
4474	Martorell	5
4532	Maryland	5
4207	Marzo	7
5293	Mashtalier,	7
4475	Mataró	5
4539	Mathematics	6
5242	Mauch,	7
4564	Mauritania	7
41	May	1053
2341	May-01	8
2342	May-08	9
4685	May-11	5
1812	May-12	15
1813	May-13	15
1825	May-14	14
1837	May-15	15
5655	May-18	7
5044	May-2015	5
2343	May-22	8
2344	May-29	8
5092	May-Jul	6
4255	May.03	5
3501	Mayo	7
5294	Mccloud,	7
2031	Med	7
2647	Medical	13
3485	Medicine	7
2884	Meets	7
5588	Mei-00	11
5589	Mei-01	11
5590	Mei-02	11
5591	Mei-03	11
5592	Mei-99	11
2105	Melissa	9
528	Mexico	192
4681	Mexique	7
1765	Michael	7
4533	Michigan	5
2092	Mid	11
2868	MidCentral	15
2258	Middle	9
4317	Middleton	6
4221	Midlands	11
2376	Midlothian	9
3554	Minnesota	7
4422	Mirror	5
1922	Miscellaneous	11
4340	Mississippi	5
4476	Molins	5
1943	Molise	9
4477	Mollet	5
5611	Momentum	9
2880	Mon	7
4739	Mon-	24
3186	Monday	11
2608	Mongolia	9
3544	Montana	7
4478	Montcada	5
2251	Montenegro	9
2826	Month	29
1625	Months	21
2377	Moray	9
2613	More	14
2100	Morgan	6
262	Morocco	6
3444	Moskovitz	45
5480	Motor,	6
1713	Mountain	5
4711	Movie	5
4825	Mozambique	5
4691	Mpum	17
1906	Mrz	10
2627	Mt	5
655	Mth	28
656	Mths	28
5243	Murphy,	7
497	Muscle	13
4202	Myanmar	9
4479	Mútua	5
405	N	48
3170	N1	11
3171	N2	11
3172	N3	11
4625	NA	5
5067	NC	8
2392	NE	34
2388	NHS	19
4628	NI	5
5068	NJ	6
303	NL	39
170	NLD	284
4745	NM	8
2922	NO	27
171	NOR	266
858	NOV	148
5820	NOV02	80
5821	NOV03	80
5822	NOV04	80
5823	NOV05	80
5824	NOV06	80
5825	NOV07	80
5826	NOV08	80
5827	NOV09	80
5828	NOV10	80
5829	NOV11	80
5830	NOV12	80
5831	NOV13	80
1879	NOVEMBER	5
2405	NOVIEMBRE	8
5481	NP	7
5295	NSHOM,	7
4514	NV	12
2393	NW	29
5069	NY	6
1763	NZL	222
4203	Nam	6
2885	Nearly	7
4534	Nebraska	6
4780	Nederländerna	28
2869	Nelson	16
5296	Nelson,	7
4695	Nelspruit	9
2609	Nepal	8
19	Netherlands	364
3486	Neurology	7
529	New	232
1928	Newport	10
4318	Newton	6
4356	New Zealand	11
5297	Ngesina	7
2595	Nicaragua	8
92	Nicholas	5
4413	Nicole	11
4565	Niger	8
4569	Nigeria	5
5298	Ninie	7
2049	No	15
2963	Non	7
4214	Norfolk	5
3134	Norge	31
5299	Norman	7
1714	North	69
1888	Northern	10
2870	Northland	16
5536	Norvège	6
530	Norway	274
3184	Norway1	7
2825	Not	16
4480	Nou	5
5537	Nouvelle-Zélande	5
42	Nov	811
1814	Nov-11	19
1815	Nov-12	14
1826	Nov-13	11
1838	Nov-14	9
5534	Nov-17	7
5045	Nov-2014	5
5093	Nov-Jan	6
1672	Nov.	48
3196	Nov.03	6
5431	Nov.2006	11
120	November	226
5121	Novembre	5
5531	Noviembre	5
5244	Ntungwen,	7
5245	Nunn	7
5246	Nunnie	7
429	O	40
5300	O.	7
3173	O1	10
3174	O2	10
3175	O3	10
1739	OA	8
5538	OCDE	5
859	OCT	142
5832	OCT02	80
5833	OCT03	80
5834	OCT04	80
5835	OCT05	80
5836	OCT06	80
5837	OCT07	80
5838	OCT08	80
5839	OCT09	80
5840	OCT10	80
5841	OCT11	80
5842	OCT12	80
5843	OCT13	80
1880	OCTOBER	5
2406	OCTUBRE	8
753	OECD	302
4626	OECD total	6
5070	OH	7
5071	OR	7
2628	Oakland	5
43	Oct	797
4702	Oct-	6
1816	Oct-11	19
1817	Oct-12	12
1818	Oct-13	12
1839	Oct-14	8
5046	Oct-2014	5
1702	Oct-Dec	55
1673	Oct.	35
2572	Oct.03	7
121	October	245
4212	Octubre	6
5247	Odoardo	7
1918	Office	8
5593	Ogos-00	11
5594	Ogos-01	11
5595	Ogos-02	11
5602	Ogos-03	6
5596	Ogos-99	11
4535	Ohio	5
2945	Oklahoma	12
1907	Okt	10
5597	Okt-00	11
5598	Okt-01	11
5599	Okt-02	11
5603	Okt-03	6
5600	Okt-99	11
2818	Okt.	14
4319	Olney	6
3499	One	9
3487	Operating	5
1715	Orange	7
5134	Orchard	7
4536	Oregon	5
743	Orkney	30
4674	Orkun	10
863	Other	37
4241	Others	7
3180	Out	25
498	Ovary	13
327	Over	6
799	Overall	13
406	P	20
4999	P.	8
2581	P1	13
2582	P1.n	11
2583	P2	13
5665	P90-95	10
5666	P95-99	10
5667	P99-99.5	10
5668	P99.5-99.9	10
5669	P99.9-99.99	10
5670	P99.99-100	10
5072	PA	5
5301	PARRA,	7
4770	PD	7
4699	PE	10
304	PL	27
3396	PM	21
4696	PMB	21
172	POL	268
173	PRT	275
305	PT	24
593	Pacific	7
4320	Pagnell	6
4344	Pain	9
257	Pakistan	17
4549	Palm	5
2011	Panama	11
3445	Pancott	39
499	Pancreas	13
2610	Papua	5
2596	Paraguay	8
2623	Park	18
3449	Parkettes	10
5302	Parnell,	7
4335	Partnership	6
93	Paul	6
5333	Pays-Bas	9
5303	Peggy	7
4481	Penedès	5
5304	Penland,	7
5086	Percentile	19
500	Peripheral	13
602	Permits	5
2378	Perth	8
2597	Peru	17
113	Peter	5
2012	Philippines	14
1908	Physical	7
4712	Picture	5
1944	Piemonte	7
4829	Pier	6
3439	Pink	81
4192	Pittsburgh	5
94	Pius	5
501	Placenta	13
2871	Plenty	17
4713	Plus	7
20	Poland	334
1635	Poland1	8
3140	Polen	35
4447	Pologne	12
1929	Port	6
4193	Portland	5
21	Portugal	382
3194	Pos._Spike	12
357	Post	8
1732	Power	5
4482	Prat	5
5612	Preference	9
4195	Prepayment	6
5089	Prior	6
2145	Private	7
4707	Professor	6
2578	Project	6
502	Prostate	17
4364	ProvID	7
4692	Pta	28
1945	Puglia	9
407	Q	34
236	Q1	377
4162	Q1-04	13
4163	Q1-05	13
4164	Q1-06	13
4165	Q1-07	14
4166	Q1-08	14
4167	Q1-09	12
4168	Q1-10	10
4190	Q1-11	6
2288	Q1-2007	12
2289	Q1-2008	13
2290	Q1-2009	13
2291	Q1-2010	13
2292	Q1-2011	13
2293	Q1-2012	13
2294	Q1-2013	9
4515	Q1.2006	16
4516	Q1.2007	16
4517	Q1.2008	16
4518	Q1.2009	16
4519	Q1.2010	16
4520	Q1.2011	16
4521	Q1.2012	16
4522	Q1.2013	16
2443	Q1/03	12
2444	Q1/04	12
2445	Q1/05	12
2446	Q1/06	12
2447	Q1/07	12
2448	Q1/08	11
2464	Q1/09	10
5615	Q1/10	6
5616	Q1/11	6
5617	Q1/12	6
5618	Q1/13	6
5619	Q1/14	6
5620	Q1/15	5
5341	Q1/2006	12
5342	Q1/2007	12
5343	Q1/2008	10
2070	Q12018	6
237	Q2	337
4169	Q2-04	13
4170	Q2-05	13
4171	Q2-06	13
4172	Q2-07	14
4173	Q2-08	13
4174	Q2-09	11
4175	Q2-10	9
2295	Q2-2007	12
2296	Q2-2008	13
2297	Q2-2009	13
2298	Q2-2010	13
2299	Q2-2011	13
2300	Q2-2012	13
2301	Q2-2013	6
2449	Q2/03	12
2450	Q2/04	12
2451	Q2/05	12
2452	Q2/06	12
2453	Q2/07	12
2465	Q2/08	8
2466	Q2/09	8
5621	Q2/10	6
5622	Q2/11	6
5623	Q2/12	6
5624	Q2/13	6
5625	Q2/14	6
5626	Q2/15	5
5344	Q2/2006	12
5345	Q2/2007	12
5346	Q2/2008	8
2071	Q22018	6
238	Q3	340
4176	Q3-04	13
4177	Q3-05	13
4178	Q3-06	13
4179	Q3-07	14
4180	Q3-08	13
4181	Q3-09	10
4182	Q3-10	8
2302	Q3-2007	12
2303	Q3-2008	13
2304	Q3-2009	13
2305	Q3-2010	13
2306	Q3-2011	13
2307	Q3-2012	9
2308	Q3-2013	6
2454	Q3/03	12
2455	Q3/04	12
2456	Q3/05	12
2457	Q3/06	12
2458	Q3/07	12
2467	Q3/08	8
5627	Q3/09	6
5628	Q3/10	6
5629	Q3/11	6
5630	Q3/12	6
5631	Q3/13	6
5632	Q3/14	6
5347	Q3/2006	12
5348	Q3/2007	12
5349	Q3/2008	8
2072	Q32018	5
239	Q4	329
4183	Q4-04	13
4184	Q4-05	13
4185	Q4-06	13
4186	Q4-07	14
4187	Q4-08	12
4188	Q4-09	9
4189	Q4-10	7
2309	Q4-2007	13
2310	Q4-2008	13
2311	Q4-2009	13
2312	Q4-2010	13
2313	Q4-2011	13
2314	Q4-2012	9
2315	Q4-2013	6
2459	Q4/03	12
2460	Q4/04	12
2461	Q4/05	12
2462	Q4/06	12
2463	Q4/07	12
2468	Q4/08	12
5633	Q4/09	6
5634	Q4/10	6
5635	Q4/11	6
5636	Q4/12	7
5637	Q4/13	7
5638	Q4/14	5
5350	Q4/2006	12
5351	Q4/2007	12
5352	Q4/2008	6
2073	Q42018	5
269	Q5	27
270	Q6	26
4439	Qatar	5
2345	Qtr	9
47	Quality	8
415	Quarter	38
4636	Quintil	7
408	R	18
22	R.	25
2655	R1F	6
2656	R1H	6
2657	RA2	6
2658	RA3	6
2659	RA4	6
2660	RA7	6
2661	RA9	6
2662	RAE	6
2663	RAJ	6
2664	RAL	6
2665	RAP	6
2666	RAS	6
4348	RATIO	5
2667	RAX	6
2668	RBA	6
2669	RBD	6
2670	RBK	6
2671	RBL	6
2672	RBN	6
2673	RBT	6
2674	RBV	6
2675	RBZ	6
2676	RC1	6
2677	RC3	6
2678	RC9	6
2679	RCB	6
2680	RCC	6
2681	RCD	6
2682	RCF	6
2683	RCX	6
319	RD	5
2684	RD1	6
2685	RD3	6
2686	RD7	6
2687	RD8	6
2688	RDD	6
2689	RDE	6
2690	RDU	6
2691	RDZ	6
2692	RE9	6
2693	REF	6
2694	REM	6
2695	RF4	6
2696	RFF	6
2697	RFR	6
2698	RFS	6
2699	RFW	6
2700	RGN	6
2701	RGP	6
2702	RGQ	6
2703	RGR	6
2704	RGT	6
2705	RH8	6
2706	RHM	6
2707	RHQ	6
2708	RHU	6
2709	RHW	6
2710	RJ1	6
2711	RJ2	6
2712	RJ6	6
2713	RJ7	6
2714	RJC	6
2715	RJD	6
2716	RJE	6
2717	RJF	6
2718	RJL	6
2719	RJN	6
2720	RJR	6
2721	RJZ	6
2722	RK5	6
2723	RK9	6
2724	RKB	6
2725	RKE	6
2726	RL4	6
2727	RLN	6
2728	RLQ	6
2729	RLT	6
2730	RM1	6
2731	RM2	6
2732	RM3	6
2733	RMC	6
2734	RMP	6
2735	RN3	6
2736	RN5	6
2737	RN7	6
2738	RNA	6
2739	RNL	6
2740	RNQ	6
2741	RNS	6
2742	RNZ	6
306	RO	14
4391	ROU	12
2743	RP5	6
2744	RPA	6
2745	RPY	6
2746	RQ6	6
2747	RQ8	6
2748	RQM	6
2749	RQQ	6
2750	RQW	6
2751	RQX	6
2752	RR1	6
2753	RR7	6
2754	RR8	6
2755	RRF	6
2756	RRK	6
2757	RRV	6
2758	RTD	6
2759	RTE	6
2760	RTF	6
2761	RTG	6
2762	RTH	6
2763	RTK	6
2764	RTP	6
2765	RTR	6
2766	RTX	6
5525	RU	5
922	RUS	155
2767	RV8	6
2768	RVJ	6
2769	RVL	6
2770	RVR	6
2771	RVV	6
2772	RVW	6
2773	RVY	6
2774	RW3	6
2775	RW6	6
2776	RWA	6
2777	RWD	6
2778	RWE	6
2779	RWF	6
2780	RWG	6
2781	RWH	6
2782	RWJ	6
2783	RWP	6
2784	RWW	6
2785	RWY	6
2786	RX1	6
2787	RXC	6
2788	RXF	6
2789	RXH	6
2790	RXK	6
2791	RXL	6
2792	RXN	6
2793	RXP	6
2794	RXQ	6
2795	RXR	6
2796	RXW	6
2797	RYJ	6
2798	RYQ	6
2799	RYR	6
5662	Racing	6
3488	Radiology	6
3440	Ram	35
5305	Randol,	7
4708	Reader	6
678	Reading	27
3446	Ready	10
2366	Red	35
4714	Reels	5
869	Regional	6
4483	Rei	5
5306	Reinsch,	7
4484	Reixach	5
2379	Renfrewshire	9
2969	Rep	6
824	Rep.	14
2999	Report	14
531	Republic	325
326	Request	12
800	Research	11
594	Resources	7
3489	Respiratory	5
603	Revenue	6
3490	Reviews	7
3434	Rhode	7
2087	Rica	25
3441	Ricochets	30
5248	Ridenour,	7
1716	River	7
4675	Rob	11
5307	Roberto	7
136	Rochester	6
5308	Rockwell,	7
5309	Rodriguez,	7
5310	Roger	7
23	Romania	137
3491	Room	6
3442	Rose	32
4652	Roumanie	7
679	Royal	24
4448	Royaume-Uni	9
4485	Rubí	5
4664	Rumänien	32
4542	Russell	9
2013	Russia	11
1667	Russian	70
4155	Russian Federation	8
4653	Rép.	6
4798	République	5
409	S	49
3176	S1	10
3177	S2	10
3178	S3	10
3546	SA1	18
3547	SA2	18
5646	SAN	5
2886	SAU	10
2394	SC	31
307	SE	52
860	SEP	101
5844	SEP02	80
5845	SEP03	80
5846	SEP04	80
5847	SEP05	80
5848	SEP06	80
5849	SEP07	80
5850	SEP08	80
5851	SEP09	80
5852	SEP10	80
5853	SEP11	80
5854	SEP12	80
5855	SEP13	80
2418	SEPT	55
1881	SEPTEMBER	7
2407	SEPTIEMBRE	8
4508	SET	9
5526	SG	16
308	SI	22
309	SK	23
4737	SS	9
5322	SURGERY	6
666	SVK	260
174	SVN	252
4629	SW	7
175	SWE	273
4486	Sabadell	5
4362	Sales	5
2598	Salvador	7
4822	Sample	6
1717	San	14
5546	Sand	10
4487	Sant	5
1718	Santa	14
4488	Sants-Montjuïc	5
1946	Sardegna	9
4489	Sarrià	5
4418	Sat	5
5673	Satisfacció	7
870	Satisfaction	8
3187	Saturday	12
4159	Saudi	14
5311	Saul	7
4543	School	5
5321	Schweiz*	7
4540	Science	11
4222	Scotland	23
2380	Scottish	8
5249	Sean	7
137	Seattle	5
2966	Second	7
3131	Second-generation	6
3455	Sectionals	9
1909	Security	5
442	Senegal	7
4367	Senior	7
32	Sep	653
1819	Sep-11	20
1820	Sep-12	19
1821	Sep-13	18
1840	Sep-14	10
5047	Sep-2014	5
5097	Sep-Nov	6
2654	Sep.	22
330	Sept	180
1674	Sept.	26
119	September	245
4208	Septiembre	6
2252	Serbia	17
5312	Serrano,	7
1910	Service	11
604	Services	11
4555	Session	6
3181	Set	24
5250	Shaffer,	7
4269	Shanghai-China	6
5313	Sheena	7
4321	Sherington	6
744	Shetland	30
2381	Siar	5
1947	Sicilia	9
5549	Silvia	10
3450	Silvia's	15
1889	Singapore	24
5314	Singh,	7
95	Sixtus	5
503	Skin	13
532	Slovak	203
24	Slovakia	124
4781	Slovakien	28
4357	Slovak Republic	11
4654	Slovaquie	5
25	Slovenia	290
4782	Slovenien	28
4655	Slovénie	11
504	Small	16
2101	Smith	19
5315	Smith,	7
433	Social	11
5613	Societal	9
505	Soft	13
1911	Software	5
825	Somalia	10
1668	South	139
2872	Southern	22
3339	Southwark	5
26	Spain	377
4665	Spanien	32
2146	Special	15
506	Spleen	13
4697	Spr	7
828	Spring	21
2629	Springs	24
258	Sri	9
2942	St	9
2599	St.	20
1912	Staff	6
4196	Standard	6
4322	Stantonbury	6
4354	Star	6
2616	Start	9
533	States	280
2924	States2	7
2382	Stirling	8
507	Stomach	17
4323	Stony	6
4783	Storbritannien	28
4324	Stratford	6
2814	Stroke	5
2956	Student	6
2280	Students	24
826	Sudan	13
3399	Suisse	8
4419	Sun	10
3188	Sunday	10
4396	Super	6
871	Supportive	10
2648	Surgery	6
4656	Suède	13
3135	Sverige	31
27	Sweden	349
534	Switzerland	198
3552	Switzerland1	9
2618	Sydney	5
2588	Syria	8
3492	Systematic	7
410	T	23
5700	T+1	8
5701	T+2	8
5702	T+3	8
5703	T+4	8
5704	T+5	8
5705	T+6	8
5706	T+7	8
5707	T+8	8
5708	T-1	8
5709	T-2	8
5251	T.	15
265	T1	7
266	T2	7
267	T3	6
268	T4	5
5527	TH	6
4267	THA	5
4509	THE	5
5073	TN	7
5664	TR	8
4818	TTC	10
1764	TUR	232
4819	TVET	10
4550	TX	7
4251	Taipei	9
2873	Tairawhiti	16
2589	Tajikistan	5
3555	Tampa	5
2874	Taranaki	16
3536	Target	7
605	Taxes	6
745	Tayside	28
801	Teaching	9
751	Team	8
2411	Technology	6
4423	Telegraph	6
4341	Tennessee	5
4830	Terminal	7
4490	Terrassa	5
508	Testis	13
2327	Texas	9
4204	Thailand	11
358	The	30
680	Theoretical	20
1913	Third	8
5482	Third-party	6
4368	Three	5
4740	Thur-	24
3189	Thursday	13
509	Thymus	13
48	Time	21
4424	Times	5
4676	Tina	10
4784	Tjeckien	28
510	Tongue	13
1882	Tool	5
420	Top	5
1948	Toscana	7
341	Total	20
3141	Totalt	5
2632	Transportation	7
5117	Travel	5
1949	Trento	5
4741	Tue-	22
3190	Tuesday	11
263	Tunisia	9
535	Turkey	182
4449	Turquie	9
5542	Two	5
3142	Tyskland	30
4365	U	8
862	U.	8
310	UK	52
4268	US	26
667	USA	293
5432	UT	5
4826	Uganda	7
3166	Ukrainskoi	7
5316	Umair	7
1950	Umbria	7
4700	Umtata	7
3143	Ungarn	7
4785	Ungern	28
2630	Union	11
536	United	328
4358	United Kingdom	18
4359	United States	10
3167	Universal	6
2412	University	7
4258	Up	12
4397	Upper	5
96	Urban	6
2600	Uruguay	9
4715	Us	5
2997	Use	7
511	Uterus	13
97	V	26
1951	V.	20
3042	V/1998	15
3043	V/1999	15
3044	V/2000	15
3045	V/2001	15
3046	V/2002	15
3047	V/2003	15
3048	V/2004	15
3049	V/2005	13
3103	V/2006	7
3115	V/2007	5
5074	VA	7
98	VI	11
2055	VI.	12
3050	VI/1998	15
3051	VI/1999	15
3052	VI/2000	15
3053	VI/2001	15
3054	VI/2002	15
3055	VI/2003	15
3056	VI/2004	15
3057	VI/2005	13
3104	VI/2006	7
3116	VI/2007	5
99	VII	10
2056	VII.	11
3058	VII/1988	15
3059	VII/1999	15
3060	VII/2000	15
3061	VII/2001	15
3062	VII/2002	15
3063	VII/2003	15
3064	VII/2004	15
3105	VII/2005	11
3106	VII/2006	7
3117	VII/2007	5
100	VIII	11
2057	VIII.	12
3065	VIII/1998	15
3066	VIII/1999	15
3067	VIII/2000	15
3068	VIII/2001	15
3069	VIII/2002	15
3070	VIII/2003	15
3071	VIII/2004	15
3107	VIII/2005	11
3108	VIII/2006	7
1930	Vale	6
2636	Valle	6
746	Valley	39
4491	Vallès	5
1952	Veneto	7
2014	Venezuela	10
4698	Vereen	17
3435	Vermont	7
2859	Very	13
114	Victor	7
4205	Viet	6
443	Vietnam	7
4342	Virginia	8
411	W	12
5031	W.	8
5075	WA	9
5025	WI	6
4630	WM	7
2395	WW	22
5433	WY	5
2875	Waikato	16
2876	Wairarapa	16
2877	Waitemata	16
1931	Wales	17
5252	Wallace,	7
3340	Waltham	5
4325	Walton	6
3341	Wandsworth	7
2619	Washington	7
4215	Washington,	5
2579	Water	9
2882	Weaver	7
3000	Web	6
2881	Wed	8
4742	Wed-	24
3191	Wednesday	13
2142	Week	31
4693	Welkom	18
5253	Wen	7
1719	West	74
747	Western	38
1740	Westminster	14
4326	Whaddon	6
2878	Whanganui	17
681	White	25
3451	Wintertime	39
4694	Witbank	12
4327	Wolverton	6
1919	Wood	5
872	Work	8
5483	Workers'	6
259	World	7
4328	Woughton	6
4347	Writing	8
5254	Wylanda	7
3545	Wyoming	7
101	X	18
2058	X.	11
3072	X/1998	15
3073	X/1999	15
3074	X/2000	15
3075	X/2001	15
3076	X/2002	15
3077	X/2003	15
3078	X/2004	15
3109	X/2005	7
3110	X/2006	7
102	XI	10
2059	XI.	11
3079	XI/1998	15
3080	XI/1999	15
3081	XI/2000	15
3082	XI/2001	15
3083	XI/2002	15
3084	XI/2003	15
3085	XI/2004	15
3111	XI/2005	7
3112	XI/2006	7
103	XII	10
2060	XII.	11
3086	XII/1998	15
3087	XII/1999	15
3088	XII/2000	15
3089	XII/2001	15
3090	XII/2002	15
3091	XII/2003	15
3092	XII/2004	15
3113	XII/2005	7
3114	XII/2006	7
104	XIII	7
105	XIV	8
106	XV	7
107	XVI	6
108	XXI	5
109	XXII	5
110	XXIII	5
412	Y	21
4631	Y&H	6
4792	Y2006	6
4793	Y2007	6
4794	Y2008	6
4795	Y2009	6
4796	Y2010	6
33	YTD	17
4677	Yasa	10
5255	Yeager,	7
34	Year	122
2324	Years	15
264	Yemen	11
2102	York	13
4223	Yorkshire	8
657	Yr	31
839	Yr.	6
658	Yrs	28
4366	Z	8
4791	ZA	16
923	ZAF	133
5098	Zambia	5
537	Zealand	178
5317	Zhiguang,	7
4566	Zimbabwe	7
776	a	19
4835	about	8
5087	abr	5
5361	abreast	6
4743	activities	5
818	activity	8
1722	adults	6
4237	aged	5
4615	all	6
5674	amb	7
777	an	11
623	and	109
188	apr	5
925	area	20
1914	as	9
1723	at	13
5362	attend	5
189	aug	5
1890	average	71
5329	aviation	7
5330	b	6
4345	back	6
2088	bad	5
2652	benefit	5
4820	border	6
4497	by	5
3493	care	6
5484	casualty	6
1724	children	7
5363	choices	7
3344	chr1	6
3345	chr10	6
3346	chr11	6
3347	chr12	6
3348	chr13	6
3349	chr14	6
3350	chr15	6
3351	chr16	6
3352	chr17	6
3353	chr18	6
3354	chr19	6
3355	chr2	6
3356	chr20	6
3357	chr21	6
3358	chr22	6
3359	chr3	6
3360	chr4	6
3361	chr5	6
3362	chr6	6
3363	chr7	6
3364	chr8	6
3365	chr9	6
3366	chrX	6
3367	chrY	6
5485	classes	6
3494	clinical	7
5364	colleagues	5
2957	compensation	8
1920	computers	8
5675	coneixements/competències	7
5365	connected	7
5676	connexió	7
5366	contact	6
5677	contingut	7
2624	cost	6
4197	credit	6
5367	current	6
1953	d'Aoste	5
5221	d'Ivoire	5
2413	d1	6
2414	d22	6
2415	d43	5
2416	d71	5
2417	d8	6
5486	damage	6
3431	day	8
4209	de	21
4198	debit	5
190	dec	5
4492	del	7
5678	dels	7
5679	desenvolupades	7
4541	development	5
4611	do	11
5680	doctoral	7
1626	during	5
4398	dāņu	5
5681	el	7
5109	end	10
5055	event	7
5487	expenses	6
191	feb	6
5682	feina	7
5368	financial	7
606	for	34
5683	formació	7
5369	former	6
1915	from	6
2958	general	9
512	gland	13
2959	health	12
2631	help	5
873	hours	6
4493	i	17
4399	igauņu	5
3132	immigrants	6
1916	in	37
1917	information	10
2633	insurance	18
513	intestine	13
3128	is	15
4836	issues	6
4400	ivrit	5
192	jan	11
4401	japāņu	5
193	jul	10
194	jun	10
5684	la	9
4402	latīņu	5
5370	legislator	6
5685	les	7
2478	less	7
5488	liability	6
4403	lietuviešu	5
4771	line	5
5371	living	7
4612	make	6
195	mar	9
514	marrow	13
196	may	6
3495	medicine	5
5372	membership	5
5686	millora	7
1621	month	10
1622	months	9
688	more	16
515	nervous	15
5687	nivell	7
2089	no	6
516	node	13
5489	non-life	6
4404	norvēģu	5
778	not	12
197	nov	9
5373	obituaries	5
198	oct	5
779	of	147
3129	on	22
3496	oncology	7
1725	one	8
689	or	43
1726	other	21
874	out	10
1706	over	19
5692	overseas	6
4346	pain	15
5490	party	6
5614	people)	9
5688	perspectives	7
5374	plan	5
780	products	5
5056	project	5
5689	promoció	7
5491	property	6
2803	q1	6
2804	q2	6
2805	q3	6
2806	q4	6
5492	reins	6
2960	retirement	5
5690	retribució	7
5533	s	12
4821	school's	10
2990	secondary	5
199	sep	8
4744	service	6
2634	services	5
591	session	5
5088	set	6
5539	slovaque	6
4405	somu	5
4406	spāņu	5
5493	suretyship	6
517	system	16
4657	tchèque	10
5375	technology	5
690	than	29
4369	that	5
624	the	44
5494	third	6
4610	time	7
518	tissue	13
609	to	130
2090	too	6
2042	total	6
1921	transport	8
5691	treballes	7
843	trim.	8
4224	up	16
4407	valoda	5
4408	valodu	5
5376	volunteer	6
5377	vote	6
2408	water	6
2584	weeks	7
2625	well	6
1727	with	30
1728	without	7
2635	work	12
2091	wrong	5
1623	year	9
1624	years	10
5099	you	5
1729	younger	5
5378	your	7
5379	yourself	7
4409	zviedru	5
5100	²	5
5540	États-Unis	6
4786	Österrike	28
4410	ķīniešu	5
2470	авг	5
2473	нов	5
2471	окт	5
2472	сеп	5
2475	феб	5
2474	јан	5
2469	јул	5
2580	–	33
3497	護理雜誌	6
